match_id,season,start_date,venue,innings,ball,actual_delivery,batting_team,bowling_team,striker,non_striker,bowler,runs_off_bat,extras,wides,noballs,byes,legbyes,penalty,non_boundary,wicket_type,player_dismissed,other_wicket_type,other_player_dismissed,fielder_1,fielder_2,fielder_3
1127646,2018,2018-07-22,"Old Trafford, Manchester",1,0.1,0.1,Yorkshire,Lancashire,A Lyth,HC Brook,JM Anderson,0,0,,,,,,,,,,,,,
1127646,2018,2018-07-22,"Old Trafford, Manchester",1,0.2,0.2,Yorkshire,Lancashire,A Lyth,HC Brook,JM Anderson,0,0,,,,,,,,,,,,,
1127646,2018,2018-07-22,"Old Trafford, Manchester",1,0.3,0.3,Yorkshire,Lancashire,A Lyth,HC Brook,JM Anderson,0,0,,,,,,,,,,,,,
1127646,2018,2018-07-22,"Old Trafford, Manchester",1,0.4,0.4,Yorkshire,Lancashire,A Lyth,HC Brook,JM Anderson,0,0,,,,,,,,,,,,,
1127646,2018,2018-07-22,"Old Trafford, Manchester",1,0.5,0.5,Yorkshire,Lancashire,A Lyth,HC Brook,JM Anderson,1,0,,,,,,,,,,,,,
1127646,2018,2018-07-22,"Old Trafford, Manchester",1,0.6,0.6,Yorkshire,Lancashire,HC Brook,A Lyth,JM Anderson,0,0,,,,,,,,,,,,,
1127646,2018,2018-07-22,"Old Trafford, Manchester",1,1.1,1.1,Yorkshire,Lancashire,A Lyth,HC Brook,TE Bailey,1,0,,,,,,,,,,,,,
1127646,2018,2018-07-22,"Old Trafford, Manchester",1,1.2,1.2,Yorkshire,Lancashire,HC Brook,A Lyth,TE Bailey,0,0,,,,,,,,,,,,,
1127646,2018,2018-07-22,"Old Trafford, Manchester",1,1.3,1.3,Yorkshire,Lancashire,HC Brook,A Lyth,TE Bailey,0,0,,,,,,,,,,,,,
1127646,2018,2018-07-22,"Old Trafford, Manchester",1,1.4,1.4,Yorkshire,Lancashire,HC Brook,A Lyth,TE Bailey,0,0,,,,,,,,,,,,,
1127646,2018,2018-07-22,"Old Trafford, Manchester",1,1.5,1.5,Yorkshire,Lancashire,HC Brook,A Lyth,TE Bailey,0,0,,,,,,,,,,,,,
1127646,2018,2018-07-22,"Old Trafford, Manchester",1,1.6,1.6,Yorkshire,Lancashire,HC Brook,A Lyth,TE Bailey,0,0,,,,,,,,,,,,,
1127646,2018,2018-07-22,"Old Trafford, Manchester",1,2.1,2.1,Yorkshire,Lancashire,A Lyth,HC Brook,JM Anderson,0,0,,,,,,,,,,,,,
1127646,2018,2018-07-22,"Old Trafford, Manchester",1,2.2,2.2,Yorkshire,Lancashire,A Lyth,HC Brook,JM Anderson,0,0,,,,,,,,,,,,,
1127646,2018,2018-07-22,"Old Trafford, Manchester",1,2.3,2.3,Yorkshire,Lancashire,A Lyth,HC Brook,JM Anderson,4,0,,,,,,,,,,,,,
1127646,2018,2018-07-22,"Old Trafford, Manchester",1,2.4,2.4,Yorkshire,Lancashire,A Lyth,HC Brook,JM Anderson,0,0,,,,,,,,,,,,,
1127646,2018,2018-07-22,"Old Trafford, Manchester",1,2.5,2.5,Yorkshire,Lancashire,A Lyth,HC Brook,JM Anderson,0,0,,,,,,,,,,,,,
1127646,2018,2018-07-22,"Old Trafford, Manchester",1,2.6,2.6,Yorkshire,Lancashire,A Lyth,HC Brook,JM Anderson,0,1,,,,1,,,,,,,,,
1127646,2018,2018-07-22,"Old Trafford, Manchester",1,3.1,3.1,Yorkshire,Lancashire,A Lyth,HC Brook,TE Bailey,0,0,,,,,,,,,,,,,
1127646,2018,2018-07-22,"Old Trafford, Manchester",1,3.2,3.2,Yorkshire,Lancashire,A Lyth,HC Brook,TE Bailey,0,0,,,,,,,,,,,,,
1127646,2018,2018-07-22,"Old Trafford, Manchester",1,3.3,3.3,Yorkshire,Lancashire,A Lyth,HC Brook,TE Bailey,0,0,,,,,,,,,,,,,
1127646,2018,2018-07-22,"Old Trafford, Manchester",1,3.4,3.4,Yorkshire,Lancashire,A Lyth,HC Brook,TE Bailey,0,0,,,,,,,,,,,,,
1127646,2018,2018-07-22,"Old Trafford, Manchester",1,3.5,3.5,Yorkshire,Lancashire,A Lyth,HC Brook,TE Bailey,0,0,,,,,,,,,,,,,
1127646,2018,2018-07-22,"Old Trafford, Manchester",1,3.6,3.6,Yorkshire,Lancashire,A Lyth,HC Brook,TE Bailey,0,0,,,,,,,,,,,,,
1127646,2018,2018-07-22,"Old Trafford, Manchester",1,4.1,4.1,Yorkshire,Lancashire,HC Brook,A Lyth,JM Anderson,0,0,,,,,,,,,,,,,
1127646,2018,2018-07-22,"Old Trafford, Manchester",1,4.2,4.2,Yorkshire,Lancashire,HC Brook,A Lyth,JM Anderson,0,0,,,,,,,,,,,,,
1127646,2018,2018-07-22,"Old Trafford, Manchester",1,4.3,4.3,Yorkshire,Lancashire,HC Brook,A Lyth,JM Anderson,0,0,,,,,,,,,,,,,
1127646,2018,2018-07-22,"Old Trafford, Manchester",1,4.4,4.4,Yorkshire,Lancashire,HC Brook,A Lyth,JM Anderson,0,0,,,,,,,,,,,,,
1127646,2018,2018-07-22,"Old Trafford, Manchester",1,4.5,4.5,Yorkshire,Lancashire,HC Brook,A Lyth,JM Anderson,4,0,,,,,,,,,,,,,
1127646,2018,2018-07-22,"Old Trafford, Manchester",1,4.6,4.6,Yorkshire,Lancashire,HC Brook,A Lyth,JM Anderson,0,0,,,,,,,,,,,,,
1127646,2018,2018-07-22,"Old Trafford, Manchester",1,5.1,5.1,Yorkshire,Lancashire,A Lyth,HC Brook,TE Bailey,0,0,,,,,,,,,,,,,
1127646,2018,2018-07-22,"Old Trafford, Manchester",1,5.2,5.2,Yorkshire,Lancashire,A Lyth,HC Brook,TE Bailey,0,0,,,,,,,,,,,,,
1127646,2018,2018-07-22,"Old Trafford, Manchester",1,5.3,5.3,Yorkshire,Lancashire,A Lyth,HC Brook,TE Bailey,0,0,,,,,,,,,,,,,
1127646,2018,2018-07-22,"Old Trafford, Manchester",1,5.4,5.4,Yorkshire,Lancashire,A Lyth,HC Brook,TE Bailey,0,0,,,,,,,,,,,,,
1127646,2018,2018-07-22,"Old Trafford, Manchester",1,5.5,5.5,Yorkshire,Lancashire,A Lyth,HC Brook,TE Bailey,0,0,,,,,,,,,,,,,
1127646,2018,2018-07-22,"Old Trafford, Manchester",1,5.6,5.6,Yorkshire,Lancashire,A Lyth,HC Brook,TE Bailey,0,0,,,,,,,,,,,,,
1127646,2018,2018-07-22,"Old Trafford, Manchester",1,6.1,6.1,Yorkshire,Lancashire,HC Brook,A Lyth,JM Anderson,0,0,,,,,,,,,,,,,
1127646,2018,2018-07-22,"Old Trafford, Manchester",1,6.2,6.2,Yorkshire,Lancashire,HC Brook,A Lyth,JM Anderson,0,0,,,,,,,,,,,,,
1127646,2018,2018-07-22,"Old Trafford, Manchester",1,6.3,6.3,Yorkshire,Lancashire,HC Brook,A Lyth,JM Anderson,1,0,,,,,,,,,,,,,
1127646,2018,2018-07-22,"Old Trafford, Manchester",1,6.4,6.4,Yorkshire,Lancashire,A Lyth,HC Brook,JM Anderson,0,0,,,,,,,,,,,,,
1127646,2018,2018-07-22,"Old Trafford, Manchester",1,6.5,6.5,Yorkshire,Lancashire,A Lyth,HC Brook,JM Anderson,4,0,,,,,,,,,,,,,
1127646,2018,2018-07-22,"Old Trafford, Manchester",1,6.6,6.6,Yorkshire,Lancashire,A Lyth,HC Brook,JM Anderson,0,0,,,,,,,,,,,,,
1127646,2018,2018-07-22,"Old Trafford, Manchester",1,7.1,7.1,Yorkshire,Lancashire,HC Brook,A Lyth,TE Bailey,0,0,,,,,,,,,,,,,
1127646,2018,2018-07-22,"Old Trafford, Manchester",1,7.2,7.2,Yorkshire,Lancashire,HC Brook,A Lyth,TE Bailey,0,0,,,,,,,,,,,,,
1127646,2018,2018-07-22,"Old Trafford, Manchester",1,7.3,7.3,Yorkshire,Lancashire,HC Brook,A Lyth,TE Bailey,0,0,,,,,,,,,,,,,
1127646,2018,2018-07-22,"Old Trafford, Manchester",1,7.4,7.4,Yorkshire,Lancashire,HC Brook,A Lyth,TE Bailey,0,0,,,,,,,,,,,,,
1127646,2018,2018-07-22,"Old Trafford, Manchester",1,7.5,7.5,Yorkshire,Lancashire,HC Brook,A Lyth,TE Bailey,0,0,,,,,,,,,,,,,
1127646,2018,2018-07-22,"Old Trafford, Manchester",1,7.6,7.6,Yorkshire,Lancashire,HC Brook,A Lyth,TE Bailey,0,0,,,,,,,,,,,,,
1127646,2018,2018-07-22,"Old Trafford, Manchester",1,8.1,8.1,Yorkshire,Lancashire,A Lyth,HC Brook,JM Anderson,0,0,,,,,,,,,,,,,
1127646,2018,2018-07-22,"Old Trafford, Manchester",1,8.2,8.2,Yorkshire,Lancashire,A Lyth,HC Brook,JM Anderson,0,0,,,,,,,,,,,,,
1127646,2018,2018-07-22,"Old Trafford, Manchester",1,8.3,8.3,Yorkshire,Lancashire,A Lyth,HC Brook,JM Anderson,0,0,,,,,,,,,,,,,
1127646,2018,2018-07-22,"Old Trafford, Manchester",1,8.4,8.4,Yorkshire,Lancashire,A Lyth,HC Brook,JM Anderson,0,0,,,,,,,,,,,,,
1127646,2018,2018-07-22,"Old Trafford, Manchester",1,8.5,8.5,Yorkshire,Lancashire,A Lyth,HC Brook,JM Anderson,0,0,,,,,,,,,,,,,
1127646,2018,2018-07-22,"Old Trafford, Manchester",1,8.6,8.6,Yorkshire,Lancashire,A Lyth,HC Brook,JM Anderson,0,0,,,,,,,,,,,,,
1127646,2018,2018-07-22,"Old Trafford, Manchester",1,9.1,9.1,Yorkshire,Lancashire,HC Brook,A Lyth,TE Bailey,0,0,,,,,,,,,,,,,
1127646,2018,2018-07-22,"Old Trafford, Manchester",1,9.2,9.2,Yorkshire,Lancashire,HC Brook,A Lyth,TE Bailey,0,0,,,,,,,,,,,,,
1127646,2018,2018-07-22,"Old Trafford, Manchester",1,9.3,9.3,Yorkshire,Lancashire,HC Brook,A Lyth,TE Bailey,0,0,,,,,,,,,,,,,
1127646,2018,2018-07-22,"Old Trafford, Manchester",1,9.4,9.4,Yorkshire,Lancashire,HC Brook,A Lyth,TE Bailey,1,0,,,,,,,,,,,,,
1127646,2018,2018-07-22,"Old Trafford, Manchester",1,9.5,9.5,Yorkshire,Lancashire,A Lyth,HC Brook,TE Bailey,0,0,,,,,,,,,,,,,
1127646,2018,2018-07-22,"Old Trafford, Manchester",1,9.6,9.6,Yorkshire,Lancashire,A Lyth,HC Brook,TE Bailey,2,0,,,,,,,,,,,,,
1127646,2018,2018-07-22,"Old Trafford, Manchester",1,10.1,10.1,Yorkshire,Lancashire,HC Brook,A Lyth,JM Anderson,0,0,,,,,,,,,,,,,
1127646,2018,2018-07-22,"Old Trafford, Manchester",1,10.2,10.2,Yorkshire,Lancashire,HC Brook,A Lyth,JM Anderson,0,0,,,,,,,,,,,,,
1127646,2018,2018-07-22,"Old Trafford, Manchester",1,10.3,10.3,Yorkshire,Lancashire,HC Brook,A Lyth,JM Anderson,0,0,,,,,,,,,,,,,
1127646,2018,2018-07-22,"Old Trafford, Manchester",1,10.4,10.4,Yorkshire,Lancashire,HC Brook,A Lyth,JM Anderson,0,0,,,,,,,,,,,,,
1127646,2018,2018-07-22,"Old Trafford, Manchester",1,10.5,10.5,Yorkshire,Lancashire,HC Brook,A Lyth,JM Anderson,0,0,,,,,,,,,,,,,
1127646,2018,2018-07-22,"Old Trafford, Manchester",1,10.6,10.6,Yorkshire,Lancashire,HC Brook,A Lyth,JM Anderson,0,0,,,,,,,,,,,,,
1127646,2018,2018-07-22,"Old Trafford, Manchester",1,11.1,11.1,Yorkshire,Lancashire,A Lyth,HC Brook,TE Bailey,0,0,,,,,,,,,,,,,
1127646,2018,2018-07-22,"Old Trafford, Manchester",1,11.2,11.2,Yorkshire,Lancashire,A Lyth,HC Brook,TE Bailey,0,0,,,,,,,,,,,,,
1127646,2018,2018-07-22,"Old Trafford, Manchester",1,11.3,11.3,Yorkshire,Lancashire,A Lyth,HC Brook,TE Bailey,2,0,,,,,,,,,,,,,
1127646,2018,2018-07-22,"Old Trafford, Manchester",1,11.4,11.4,Yorkshire,Lancashire,A Lyth,HC Brook,TE Bailey,0,0,,,,,,,,,,,,,
1127646,2018,2018-07-22,"Old Trafford, Manchester",1,11.5,11.5,Yorkshire,Lancashire,A Lyth,HC Brook,TE Bailey,0,0,,,,,,,,,,,,,
1127646,2018,2018-07-22,"Old Trafford, Manchester",1,11.6,11.6,Yorkshire,Lancashire,A Lyth,HC Brook,TE Bailey,1,0,,,,,,,,,,,,,
1127646,2018,2018-07-22,"Old Trafford, Manchester",1,12.1,12.1,Yorkshire,Lancashire,A Lyth,HC Brook,JM Anderson,0,0,,,,,,,,,,,,,
1127646,2018,2018-07-22,"Old Trafford, Manchester",1,12.2,12.2,Yorkshire,Lancashire,A Lyth,HC Brook,JM Anderson,0,0,,,,,,,,,,,,,
1127646,2018,2018-07-22,"Old Trafford, Manchester",1,12.3,12.3,Yorkshire,Lancashire,A Lyth,HC Brook,JM Anderson,2,0,,,,,,,,,,,,,
1127646,2018,2018-07-22,"Old Trafford, Manchester",1,12.4,12.4,Yorkshire,Lancashire,A Lyth,HC Brook,JM Anderson,0,0,,,,,,,,,,,,,
1127646,2018,2018-07-22,"Old Trafford, Manchester",1,12.5,12.5,Yorkshire,Lancashire,A Lyth,HC Brook,JM Anderson,0,0,,,,,,,,,,,,,
1127646,2018,2018-07-22,"Old Trafford, Manchester",1,12.6,12.6,Yorkshire,Lancashire,A Lyth,HC Brook,JM Anderson,0,0,,,,,,,,,,,,,
1127646,2018,2018-07-22,"Old Trafford, Manchester",1,13.1,13.1,Yorkshire,Lancashire,HC Brook,A Lyth,G Onions,0,0,,,,,,,,,,,,,
1127646,2018,2018-07-22,"Old Trafford, Manchester",1,13.2,13.2,Yorkshire,Lancashire,HC Brook,A Lyth,G Onions,0,0,,,,,,,bowled,HC Brook,,,,,
1127646,2018,2018-07-22,"Old Trafford, Manchester",1,13.3,13.3,Yorkshire,Lancashire,JE Root,A Lyth,G Onions,0,0,,,,,,,,,,,,,
1127646,2018,2018-07-22,"Old Trafford, Manchester",1,13.4,13.4,Yorkshire,Lancashire,JE Root,A Lyth,G Onions,4,0,,,,,,,,,,,,,
1127646,2018,2018-07-22,"Old Trafford, Manchester",1,13.5,13.5,Yorkshire,Lancashire,JE Root,A Lyth,G Onions,0,0,,,,,,,,,,,,,
1127646,2018,2018-07-22,"Old Trafford, Manchester",1,13.6,13.6,Yorkshire,Lancashire,JE Root,A Lyth,G Onions,2,0,,,,,,,,,,,,,
1127646,2018,2018-07-22,"Old Trafford, Manchester",1,14.1,14.1,Yorkshire,Lancashire,A Lyth,JE Root,JM Anderson,0,0,,,,,,,,,,,,,
1127646,2018,2018-07-22,"Old Trafford, Manchester",1,14.2,14.2,Yorkshire,Lancashire,A Lyth,JE Root,JM Anderson,0,0,,,,,,,,,,,,,
1127646,2018,2018-07-22,"Old Trafford, Manchester",1,14.3,14.3,Yorkshire,Lancashire,A Lyth,JE Root,JM Anderson,0,0,,,,,,,,,,,,,
1127646,2018,2018-07-22,"Old Trafford, Manchester",1,14.4,14.4,Yorkshire,Lancashire,A Lyth,JE Root,JM Anderson,0,0,,,,,,,,,,,,,
1127646,2018,2018-07-22,"Old Trafford, Manchester",1,14.5,14.5,Yorkshire,Lancashire,A Lyth,JE Root,JM Anderson,4,0,,,,,,,,,,,,,
1127646,2018,2018-07-22,"Old Trafford, Manchester",1,14.6,14.6,Yorkshire,Lancashire,A Lyth,JE Root,JM Anderson,0,0,,,,,,,,,,,,,
1127646,2018,2018-07-22,"Old Trafford, Manchester",1,15.1,15.1,Yorkshire,Lancashire,JE Root,A Lyth,G Onions,0,0,,,,,,,,,,,,,
1127646,2018,2018-07-22,"Old Trafford, Manchester",1,15.2,15.2,Yorkshire,Lancashire,JE Root,A Lyth,G Onions,0,0,,,,,,,,,,,,,
1127646,2018,2018-07-22,"Old Trafford, Manchester",1,15.3,15.3,Yorkshire,Lancashire,JE Root,A Lyth,G Onions,0,0,,,,,,,,,,,,,
1127646,2018,2018-07-22,"Old Trafford, Manchester",1,15.4,15.4,Yorkshire,Lancashire,JE Root,A Lyth,G Onions,4,0,,,,,,,,,,,,,
1127646,2018,2018-07-22,"Old Trafford, Manchester",1,15.5,15.5,Yorkshire,Lancashire,JE Root,A Lyth,G Onions,0,0,,,,,,,,,,,,,
1127646,2018,2018-07-22,"Old Trafford, Manchester",1,15.6,15.6,Yorkshire,Lancashire,JE Root,A Lyth,G Onions,4,0,,,,,,,,,,,,,
1127646,2018,2018-07-22,"Old Trafford, Manchester",1,16.1,16.1,Yorkshire,Lancashire,A Lyth,JE Root,J Clark,3,0,,,,,,,,,,,,,
1127646,2018,2018-07-22,"Old Trafford, Manchester",1,16.2,16.2,Yorkshire,Lancashire,JE Root,A Lyth,J Clark,0,0,,,,,,,,,,,,,
1127646,2018,2018-07-22,"Old Trafford, Manchester",1,16.3,16.3,Yorkshire,Lancashire,JE Root,A Lyth,J Clark,0,0,,,,,,,,,,,,,
1127646,2018,2018-07-22,"Old Trafford, Manchester",1,16.4,16.4,Yorkshire,Lancashire,JE Root,A Lyth,J Clark,0,0,,,,,,,,,,,,,
1127646,2018,2018-07-22,"Old Trafford, Manchester",1,16.5,16.5,Yorkshire,Lancashire,JE Root,A Lyth,J Clark,0,0,,,,,,,,,,,,,
1127646,2018,2018-07-22,"Old Trafford, Manchester",1,16.6,16.6,Yorkshire,Lancashire,JE Root,A Lyth,J Clark,0,0,,,,,,,,,,,,,
1127646,2018,2018-07-22,"Old Trafford, Manchester",1,17.1,17.1,Yorkshire,Lancashire,A Lyth,JE Root,G Onions,0,0,,,,,,,,,,,,,
1127646,2018,2018-07-22,"Old Trafford, Manchester",1,17.2,17.2,Yorkshire,Lancashire,A Lyth,JE Root,G Onions,0,0,,,,,,,,,,,,,
1127646,2018,2018-07-22,"Old Trafford, Manchester",1,17.3,17.3,Yorkshire,Lancashire,A Lyth,JE Root,G Onions,2,0,,,,,,,,,,,,,
1127646,2018,2018-07-22,"Old Trafford, Manchester",1,17.4,17.4,Yorkshire,Lancashire,A Lyth,JE Root,G Onions,0,0,,,,,,,,,,,,,
1127646,2018,2018-07-22,"Old Trafford, Manchester",1,17.5,17.5,Yorkshire,Lancashire,A Lyth,JE Root,G Onions,0,0,,,,,,,,,,,,,
1127646,2018,2018-07-22,"Old Trafford, Manchester",1,17.6,17.6,Yorkshire,Lancashire,A Lyth,JE Root,G Onions,4,0,,,,,,,,,,,,,
1127646,2018,2018-07-22,"Old Trafford, Manchester",1,18.1,18.1,Yorkshire,Lancashire,JE Root,A Lyth,J Clark,0,0,,,,,,,,,,,,,
1127646,2018,2018-07-22,"Old Trafford, Manchester",1,18.2,18.2,Yorkshire,Lancashire,JE Root,A Lyth,J Clark,4,0,,,,,,,,,,,,,
1127646,2018,2018-07-22,"Old Trafford, Manchester",1,18.3,18.3,Yorkshire,Lancashire,JE Root,A Lyth,J Clark,4,0,,,,,,,,,,,,,
1127646,2018,2018-07-22,"Old Trafford, Manchester",1,18.4,18.4,Yorkshire,Lancashire,JE Root,A Lyth,J Clark,0,0,,,,,,,lbw,JE Root,,,,,
1127646,2018,2018-07-22,"Old Trafford, Manchester",1,18.5,18.5,Yorkshire,Lancashire,KS Williamson,A Lyth,J Clark,0,0,,,,,,,lbw,KS Williamson,,,,,
1127646,2018,2018-07-22,"Old Trafford, Manchester",1,18.6,18.6,Yorkshire,Lancashire,JM Bairstow,A Lyth,J Clark,0,0,,,,,,,caught,JM Bairstow,,,JC Buttler,,
1127646,2018,2018-07-22,"Old Trafford, Manchester",1,19.1,19.1,Yorkshire,Lancashire,A Lyth,GS Ballance,G Onions,0,0,,,,,,,,,,,,,
1127646,2018,2018-07-22,"Old Trafford, Manchester",1,19.2,19.2,Yorkshire,Lancashire,A Lyth,GS Ballance,G Onions,0,0,,,,,,,,,,,,,
1127646,2018,2018-07-22,"Old Trafford, Manchester",1,19.3,19.3,Yorkshire,Lancashire,A Lyth,GS Ballance,G Onions,0,0,,,,,,,,,,,,,
1127646,2018,2018-07-22,"Old Trafford, Manchester",1,19.4,19.4,Yorkshire,Lancashire,A Lyth,GS Ballance,G Onions,0,0,,,,,,,,,,,,,
1127646,2018,2018-07-22,"Old Trafford, Manchester",1,19.5,19.5,Yorkshire,Lancashire,A Lyth,GS Ballance,G Onions,0,0,,,,,,,,,,,,,
1127646,2018,2018-07-22,"Old Trafford, Manchester",1,19.6,19.6,Yorkshire,Lancashire,A Lyth,GS Ballance,G Onions,0,0,,,,,,,,,,,,,
1127646,2018,2018-07-22,"Old Trafford, Manchester",1,20.1,20.1,Yorkshire,Lancashire,GS Ballance,A Lyth,J Clark,0,0,,,,,,,,,,,,,
1127646,2018,2018-07-22,"Old Trafford, Manchester",1,20.2,20.2,Yorkshire,Lancashire,GS Ballance,A Lyth,J Clark,1,0,,,,,,,,,,,,,
1127646,2018,2018-07-22,"Old Trafford, Manchester",1,20.3,20.3,Yorkshire,Lancashire,A Lyth,GS Ballance,J Clark,1,0,,,,,,,,,,,,,
1127646,2018,2018-07-22,"Old Trafford, Manchester",1,20.4,20.4,Yorkshire,Lancashire,GS Ballance,A Lyth,J Clark,0,0,,,,,,,,,,,,,
1127646,2018,2018-07-22,"Old Trafford, Manchester",1,20.5,20.5,Yorkshire,Lancashire,GS Ballance,A Lyth,J Clark,0,0,,,,,,,,,,,,,
1127646,2018,2018-07-22,"Old Trafford, Manchester",1,20.6,20.6,Yorkshire,Lancashire,GS Ballance,A Lyth,J Clark,0,0,,,,,,,,,,,,,
1127646,2018,2018-07-22,"Old Trafford, Manchester",1,21.1,21.1,Yorkshire,Lancashire,A Lyth,GS Ballance,G Onions,0,0,,,,,,,,,,,,,
1127646,2018,2018-07-22,"Old Trafford, Manchester",1,21.2,21.2,Yorkshire,Lancashire,A Lyth,GS Ballance,G Onions,0,0,,,,,,,,,,,,,
1127646,2018,2018-07-22,"Old Trafford, Manchester",1,21.3,21.3,Yorkshire,Lancashire,A Lyth,GS Ballance,G Onions,0,0,,,,,,,,,,,,,
1127646,2018,2018-07-22,"Old Trafford, Manchester",1,21.4,21.4,Yorkshire,Lancashire,A Lyth,GS Ballance,G Onions,0,0,,,,,,,,,,,,,
1127646,2018,2018-07-22,"Old Trafford, Manchester",1,21.5,21.5,Yorkshire,Lancashire,A Lyth,GS Ballance,G Onions,0,0,,,,,,,,,,,,,
1127646,2018,2018-07-22,"Old Trafford, Manchester",1,21.6,21.6,Yorkshire,Lancashire,A Lyth,GS Ballance,G Onions,0,0,,,,,,,,,,,,,
1127646,2018,2018-07-22,"Old Trafford, Manchester",1,22.1,22.1,Yorkshire,Lancashire,GS Ballance,A Lyth,J Clark,4,0,,,,,,,,,,,,,
1127646,2018,2018-07-22,"Old Trafford, Manchester",1,22.2,22.2,Yorkshire,Lancashire,GS Ballance,A Lyth,J Clark,0,0,,,,,,,,,,,,,
1127646,2018,2018-07-22,"Old Trafford, Manchester",1,22.3,22.3,Yorkshire,Lancashire,GS Ballance,A Lyth,J Clark,0,0,,,,,,,,,,,,,
1127646,2018,2018-07-22,"Old Trafford, Manchester",1,22.4,22.4,Yorkshire,Lancashire,GS Ballance,A Lyth,J Clark,0,0,,,,,,,,,,,,,
1127646,2018,2018-07-22,"Old Trafford, Manchester",1,22.5,22.5,Yorkshire,Lancashire,GS Ballance,A Lyth,J Clark,0,0,,,,,,,,,,,,,
1127646,2018,2018-07-22,"Old Trafford, Manchester",1,22.6,22.6,Yorkshire,Lancashire,GS Ballance,A Lyth,J Clark,0,0,,,,,,,,,,,,,
1127646,2018,2018-07-22,"Old Trafford, Manchester",1,23.1,23.1,Yorkshire,Lancashire,A Lyth,GS Ballance,G Onions,0,0,,,,,,,,,,,,,
1127646,2018,2018-07-22,"Old Trafford, Manchester",1,23.2,23.2,Yorkshire,Lancashire,A Lyth,GS Ballance,G Onions,0,0,,,,,,,,,,,,,
1127646,2018,2018-07-22,"Old Trafford, Manchester",1,23.3,23.3,Yorkshire,Lancashire,A Lyth,GS Ballance,G Onions,0,0,,,,,,,,,,,,,
1127646,2018,2018-07-22,"Old Trafford, Manchester",1,23.4,23.4,Yorkshire,Lancashire,A Lyth,GS Ballance,G Onions,0,0,,,,,,,,,,,,,
1127646,2018,2018-07-22,"Old Trafford, Manchester",1,23.5,23.5,Yorkshire,Lancashire,A Lyth,GS Ballance,G Onions,0,0,,,,,,,,,,,,,
1127646,2018,2018-07-22,"Old Trafford, Manchester",1,23.6,23.6,Yorkshire,Lancashire,A Lyth,GS Ballance,G Onions,1,0,,,,,,,,,,,,,
1127646,2018,2018-07-22,"Old Trafford, Manchester",1,24.1,24.1,Yorkshire,Lancashire,A Lyth,GS Ballance,J Clark,0,0,,,,,,,,,,,,,
1127646,2018,2018-07-22,"Old Trafford, Manchester",1,24.2,24.2,Yorkshire,Lancashire,A Lyth,GS Ballance,J Clark,0,0,,,,,,,,,,,,,
1127646,2018,2018-07-22,"Old Trafford, Manchester",1,24.3,24.3,Yorkshire,Lancashire,A Lyth,GS Ballance,J Clark,0,0,,,,,,,,,,,,,
1127646,2018,2018-07-22,"Old Trafford, Manchester",1,24.4,24.4,Yorkshire,Lancashire,A Lyth,GS Ballance,J Clark,0,0,,,,,,,,,,,,,
1127646,2018,2018-07-22,"Old Trafford, Manchester",1,24.5,24.5,Yorkshire,Lancashire,A Lyth,GS Ballance,J Clark,4,0,,,,,,,,,,,,,
1127646,2018,2018-07-22,"Old Trafford, Manchester",1,24.6,24.6,Yorkshire,Lancashire,A Lyth,GS Ballance,J Clark,4,0,,,,,,,,,,,,,
1127646,2018,2018-07-22,"Old Trafford, Manchester",1,25.1,25.1,Yorkshire,Lancashire,GS Ballance,A Lyth,G Onions,4,0,,,,,,,,,,,,,
1127646,2018,2018-07-22,"Old Trafford, Manchester",1,25.2,25.2,Yorkshire,Lancashire,GS Ballance,A Lyth,G Onions,0,0,,,,,,,,,,,,,
1127646,2018,2018-07-22,"Old Trafford, Manchester",1,25.3,25.3,Yorkshire,Lancashire,GS Ballance,A Lyth,G Onions,0,0,,,,,,,,,,,,,
1127646,2018,2018-07-22,"Old Trafford, Manchester",1,25.4,25.4,Yorkshire,Lancashire,GS Ballance,A Lyth,G Onions,0,0,,,,,,,,,,,,,
1127646,2018,2018-07-22,"Old Trafford, Manchester",1,25.5,25.5,Yorkshire,Lancashire,GS Ballance,A Lyth,G Onions,0,0,,,,,,,,,,,,,
1127646,2018,2018-07-22,"Old Trafford, Manchester",1,25.6,25.6,Yorkshire,Lancashire,GS Ballance,A Lyth,G Onions,0,0,,,,,,,bowled,GS Ballance,,,,,
1127646,2018,2018-07-22,"Old Trafford, Manchester",1,26.1,26.1,Yorkshire,Lancashire,A Lyth,TT Bresnan,J Clark,0,0,,,,,,,,,,,,,
1127646,2018,2018-07-22,"Old Trafford, Manchester",1,26.2,26.2,Yorkshire,Lancashire,A Lyth,TT Bresnan,J Clark,0,0,,,,,,,,,,,,,
1127646,2018,2018-07-22,"Old Trafford, Manchester",1,26.3,26.3,Yorkshire,Lancashire,A Lyth,TT Bresnan,J Clark,0,0,,,,,,,,,,,,,
1127646,2018,2018-07-22,"Old Trafford, Manchester",1,26.4,26.4,Yorkshire,Lancashire,A Lyth,TT Bresnan,J Clark,4,0,,,,,,,,,,,,,
1127646,2018,2018-07-22,"Old Trafford, Manchester",1,26.5,26.5,Yorkshire,Lancashire,A Lyth,TT Bresnan,J Clark,0,0,,,,,,,,,,,,,
1127646,2018,2018-07-22,"Old Trafford, Manchester",1,26.6,26.6,Yorkshire,Lancashire,A Lyth,TT Bresnan,J Clark,0,0,,,,,,,,,,,,,
1127646,2018,2018-07-22,"Old Trafford, Manchester",1,27.1,27.1,Yorkshire,Lancashire,TT Bresnan,A Lyth,G Onions,0,0,,,,,,,,,,,,,
1127646,2018,2018-07-22,"Old Trafford, Manchester",1,27.2,27.2,Yorkshire,Lancashire,TT Bresnan,A Lyth,G Onions,0,0,,,,,,,,,,,,,
1127646,2018,2018-07-22,"Old Trafford, Manchester",1,27.3,27.3,Yorkshire,Lancashire,TT Bresnan,A Lyth,G Onions,0,0,,,,,,,,,,,,,
1127646,2018,2018-07-22,"Old Trafford, Manchester",1,27.4,27.4,Yorkshire,Lancashire,TT Bresnan,A Lyth,G Onions,0,0,,,,,,,,,,,,,
1127646,2018,2018-07-22,"Old Trafford, Manchester",1,27.5,27.5,Yorkshire,Lancashire,TT Bresnan,A Lyth,G Onions,0,0,,,,,,,,,,,,,
1127646,2018,2018-07-22,"Old Trafford, Manchester",1,27.6,27.6,Yorkshire,Lancashire,TT Bresnan,A Lyth,G Onions,0,0,,,,,,,,,,,,,
1127646,2018,2018-07-22,"Old Trafford, Manchester",1,28.1,28.1,Yorkshire,Lancashire,A Lyth,TT Bresnan,J Clark,0,0,,,,,,,,,,,,,
1127646,2018,2018-07-22,"Old Trafford, Manchester",1,28.2,28.2,Yorkshire,Lancashire,A Lyth,TT Bresnan,J Clark,0,0,,,,,,,,,,,,,
1127646,2018,2018-07-22,"Old Trafford, Manchester",1,28.3,28.3,Yorkshire,Lancashire,A Lyth,TT Bresnan,J Clark,4,0,,,,,,,,,,,,,
1127646,2018,2018-07-22,"Old Trafford, Manchester",1,28.4,28.4,Yorkshire,Lancashire,A Lyth,TT Bresnan,J Clark,0,0,,,,,,,,,,,,,
1127646,2018,2018-07-22,"Old Trafford, Manchester",1,28.5,28.5,Yorkshire,Lancashire,A Lyth,TT Bresnan,J Clark,0,0,,,,,,,run out,TT Bresnan,,,J Clark,,
1127646,2018,2018-07-22,"Old Trafford, Manchester",1,28.6,28.6,Yorkshire,Lancashire,A Lyth,SA Patterson,J Clark,0,0,,,,,,,,,,,,,
1127646,2018,2018-07-22,"Old Trafford, Manchester",1,29.1,29.1,Yorkshire,Lancashire,SA Patterson,A Lyth,G Onions,0,0,,,,,,,,,,,,,
1127646,2018,2018-07-22,"Old Trafford, Manchester",1,29.2,29.2,Yorkshire,Lancashire,SA Patterson,A Lyth,G Onions,0,0,,,,,,,,,,,,,
1127646,2018,2018-07-22,"Old Trafford, Manchester",1,29.3,29.3,Yorkshire,Lancashire,SA Patterson,A Lyth,G Onions,0,0,,,,,,,,,,,,,
1127646,2018,2018-07-22,"Old Trafford, Manchester",1,29.4,29.4,Yorkshire,Lancashire,SA Patterson,A Lyth,G Onions,1,0,,,,,,,,,,,,,
1127646,2018,2018-07-22,"Old Trafford, Manchester",1,29.5,29.5,Yorkshire,Lancashire,A Lyth,SA Patterson,G Onions,4,0,,,,,,,,,,,,,
1127646,2018,2018-07-22,"Old Trafford, Manchester",1,29.6,29.6,Yorkshire,Lancashire,A Lyth,SA Patterson,G Onions,4,0,,,,,,,,,,,,,
1127646,2018,2018-07-22,"Old Trafford, Manchester",1,30.1,30.1,Yorkshire,Lancashire,SA Patterson,A Lyth,J Clark,0,0,,,,,,,,,,,,,
1127646,2018,2018-07-22,"Old Trafford, Manchester",1,30.2,30.2,Yorkshire,Lancashire,SA Patterson,A Lyth,J Clark,0,0,,,,,,,,,,,,,
1127646,2018,2018-07-22,"Old Trafford, Manchester",1,30.3,30.3,Yorkshire,Lancashire,SA Patterson,A Lyth,J Clark,0,0,,,,,,,,,,,,,
1127646,2018,2018-07-22,"Old Trafford, Manchester",1,30.4,30.4,Yorkshire,Lancashire,SA Patterson,A Lyth,J Clark,0,0,,,,,,,,,,,,,
1127646,2018,2018-07-22,"Old Trafford, Manchester",1,30.5,30.5,Yorkshire,Lancashire,SA Patterson,A Lyth,J Clark,0,0,,,,,,,,,,,,,
1127646,2018,2018-07-22,"Old Trafford, Manchester",1,30.6,30.6,Yorkshire,Lancashire,SA Patterson,A Lyth,J Clark,0,0,,,,,,,,,,,,,
1127646,2018,2018-07-22,"Old Trafford, Manchester",1,31.1,31.1,Yorkshire,Lancashire,A Lyth,SA Patterson,G Onions,1,0,,,,,,,,,,,,,
1127646,2018,2018-07-22,"Old Trafford, Manchester",1,31.2,31.2,Yorkshire,Lancashire,SA Patterson,A Lyth,G Onions,0,0,,,,,,,,,,,,,
1127646,2018,2018-07-22,"Old Trafford, Manchester",1,31.3,31.3,Yorkshire,Lancashire,SA Patterson,A Lyth,G Onions,4,0,,,,,,,,,,,,,
1127646,2018,2018-07-22,"Old Trafford, Manchester",1,31.4,31.4,Yorkshire,Lancashire,SA Patterson,A Lyth,G Onions,0,0,,,,,,,,,,,,,
1127646,2018,2018-07-22,"Old Trafford, Manchester",1,31.5,31.5,Yorkshire,Lancashire,SA Patterson,A Lyth,G Onions,0,0,,,,,,,,,,,,,
1127646,2018,2018-07-22,"Old Trafford, Manchester",1,31.6,31.6,Yorkshire,Lancashire,SA Patterson,A Lyth,G Onions,2,0,,,,,,,,,,,,,
1127646,2018,2018-07-22,"Old Trafford, Manchester",1,32.1,32.1,Yorkshire,Lancashire,A Lyth,SA Patterson,J Clark,0,1,,,,1,,,,,,,,,
1127646,2018,2018-07-22,"Old Trafford, Manchester",1,32.2,32.2,Yorkshire,Lancashire,SA Patterson,A Lyth,J Clark,0,0,,,,,,,,,,,,,
1127646,2018,2018-07-22,"Old Trafford, Manchester",1,32.3,32.3,Yorkshire,Lancashire,SA Patterson,A Lyth,J Clark,0,0,,,,,,,,,,,,,
1127646,2018,2018-07-22,"Old Trafford, Manchester",1,32.4,32.4,Yorkshire,Lancashire,SA Patterson,A Lyth,J Clark,4,0,,,,,,,,,,,,,
1127646,2018,2018-07-22,"Old Trafford, Manchester",1,32.5,32.5,Yorkshire,Lancashire,SA Patterson,A Lyth,J Clark,0,0,,,,,,,,,,,,,
1127646,2018,2018-07-22,"Old Trafford, Manchester",1,32.6,32.6,Yorkshire,Lancashire,SA Patterson,A Lyth,J Clark,0,0,,,,,,,,,,,,,
1127646,2018,2018-07-22,"Old Trafford, Manchester",1,33.1,33.1,Yorkshire,Lancashire,A Lyth,SA Patterson,JM Anderson,1,0,,,,,,,,,,,,,
1127646,2018,2018-07-22,"Old Trafford, Manchester",1,33.2,33.2,Yorkshire,Lancashire,SA Patterson,A Lyth,JM Anderson,0,0,,,,,,,,,,,,,
1127646,2018,2018-07-22,"Old Trafford, Manchester",1,33.3,33.3,Yorkshire,Lancashire,SA Patterson,A Lyth,JM Anderson,0,0,,,,,,,,,,,,,
1127646,2018,2018-07-22,"Old Trafford, Manchester",1,33.4,33.4,Yorkshire,Lancashire,SA Patterson,A Lyth,JM Anderson,0,0,,,,,,,,,,,,,
1127646,2018,2018-07-22,"Old Trafford, Manchester",1,33.5,33.5,Yorkshire,Lancashire,SA Patterson,A Lyth,JM Anderson,0,0,,,,,,,,,,,,,
1127646,2018,2018-07-22,"Old Trafford, Manchester",1,33.6,33.6,Yorkshire,Lancashire,SA Patterson,A Lyth,JM Anderson,0,0,,,,,,,,,,,,,
1127646,2018,2018-07-22,"Old Trafford, Manchester",1,34.1,34.1,Yorkshire,Lancashire,A Lyth,SA Patterson,J Clark,0,0,,,,,,,,,,,,,
1127646,2018,2018-07-22,"Old Trafford, Manchester",1,34.2,34.2,Yorkshire,Lancashire,A Lyth,SA Patterson,J Clark,1,0,,,,,,,,,,,,,
1127646,2018,2018-07-22,"Old Trafford, Manchester",1,34.3,34.3,Yorkshire,Lancashire,SA Patterson,A Lyth,J Clark,2,0,,,,,,,,,,,,,
1127646,2018,2018-07-22,"Old Trafford, Manchester",1,34.4,34.4,Yorkshire,Lancashire,SA Patterson,A Lyth,J Clark,0,0,,,,,,,,,,,,,
1127646,2018,2018-07-22,"Old Trafford, Manchester",1,34.5,34.5,Yorkshire,Lancashire,SA Patterson,A Lyth,J Clark,0,0,,,,,,,,,,,,,
1127646,2018,2018-07-22,"Old Trafford, Manchester",1,34.6,34.6,Yorkshire,Lancashire,SA Patterson,A Lyth,J Clark,0,0,,,,,,,,,,,,,
1127646,2018,2018-07-22,"Old Trafford, Manchester",1,35.1,35.1,Yorkshire,Lancashire,A Lyth,SA Patterson,JM Anderson,0,0,,,,,,,,,,,,,
1127646,2018,2018-07-22,"Old Trafford, Manchester",1,35.2,35.2,Yorkshire,Lancashire,A Lyth,SA Patterson,JM Anderson,1,0,,,,,,,,,,,,,
1127646,2018,2018-07-22,"Old Trafford, Manchester",1,35.3,35.3,Yorkshire,Lancashire,SA Patterson,A Lyth,JM Anderson,0,0,,,,,,,,,,,,,
1127646,2018,2018-07-22,"Old Trafford, Manchester",1,35.4,35.4,Yorkshire,Lancashire,SA Patterson,A Lyth,JM Anderson,0,0,,,,,,,,,,,,,
1127646,2018,2018-07-22,"Old Trafford, Manchester",1,35.5,35.5,Yorkshire,Lancashire,SA Patterson,A Lyth,JM Anderson,0,0,,,,,,,,,,,,,
1127646,2018,2018-07-22,"Old Trafford, Manchester",1,35.6,35.6,Yorkshire,Lancashire,SA Patterson,A Lyth,JM Anderson,0,0,,,,,,,,,,,,,
1127646,2018,2018-07-22,"Old Trafford, Manchester",1,36.1,36.1,Yorkshire,Lancashire,A Lyth,SA Patterson,TE Bailey,0,0,,,,,,,,,,,,,
1127646,2018,2018-07-22,"Old Trafford, Manchester",1,36.2,36.2,Yorkshire,Lancashire,A Lyth,SA Patterson,TE Bailey,1,0,,,,,,,,,,,,,
1127646,2018,2018-07-22,"Old Trafford, Manchester",1,36.3,36.3,Yorkshire,Lancashire,SA Patterson,A Lyth,TE Bailey,0,0,,,,,,,,,,,,,
1127646,2018,2018-07-22,"Old Trafford, Manchester",1,36.4,36.4,Yorkshire,Lancashire,SA Patterson,A Lyth,TE Bailey,0,0,,,,,,,,,,,,,
1127646,2018,2018-07-22,"Old Trafford, Manchester",1,36.5,36.5,Yorkshire,Lancashire,SA Patterson,A Lyth,TE Bailey,0,0,,,,,,,,,,,,,
1127646,2018,2018-07-22,"Old Trafford, Manchester",1,36.6,36.6,Yorkshire,Lancashire,SA Patterson,A Lyth,TE Bailey,0,0,,,,,,,,,,,,,
1127646,2018,2018-07-22,"Old Trafford, Manchester",1,37.1,37.1,Yorkshire,Lancashire,A Lyth,SA Patterson,JM Anderson,4,0,,,,,,,,,,,,,
1127646,2018,2018-07-22,"Old Trafford, Manchester",1,37.2,37.2,Yorkshire,Lancashire,A Lyth,SA Patterson,JM Anderson,0,0,,,,,,,,,,,,,
1127646,2018,2018-07-22,"Old Trafford, Manchester",1,37.3,37.3,Yorkshire,Lancashire,A Lyth,SA Patterson,JM Anderson,1,0,,,,,,,,,,,,,
1127646,2018,2018-07-22,"Old Trafford, Manchester",1,37.4,37.4,Yorkshire,Lancashire,SA Patterson,A Lyth,JM Anderson,0,0,,,,,,,,,,,,,
1127646,2018,2018-07-22,"Old Trafford, Manchester",1,37.5,37.5,Yorkshire,Lancashire,SA Patterson,A Lyth,JM Anderson,1,0,,,,,,,,,,,,,
1127646,2018,2018-07-22,"Old Trafford, Manchester",1,37.6,37.6,Yorkshire,Lancashire,A Lyth,SA Patterson,JM Anderson,0,0,,,,,,,,,,,,,
1127646,2018,2018-07-22,"Old Trafford, Manchester",1,38.1,38.1,Yorkshire,Lancashire,SA Patterson,A Lyth,TE Bailey,0,0,,,,,,,,,,,,,
1127646,2018,2018-07-22,"Old Trafford, Manchester",1,38.2,38.2,Yorkshire,Lancashire,SA Patterson,A Lyth,TE Bailey,0,0,,,,,,,,,,,,,
1127646,2018,2018-07-22,"Old Trafford, Manchester",1,38.3,38.3,Yorkshire,Lancashire,SA Patterson,A Lyth,TE Bailey,4,0,,,,,,,,,,,,,
1127646,2018,2018-07-22,"Old Trafford, Manchester",1,38.4,38.4,Yorkshire,Lancashire,SA Patterson,A Lyth,TE Bailey,0,0,,,,,,,,,,,,,
1127646,2018,2018-07-22,"Old Trafford, Manchester",1,38.5,38.5,Yorkshire,Lancashire,SA Patterson,A Lyth,TE Bailey,0,0,,,,,,,,,,,,,
1127646,2018,2018-07-22,"Old Trafford, Manchester",1,38.6,38.6,Yorkshire,Lancashire,SA Patterson,A Lyth,TE Bailey,0,0,,,,,,,,,,,,,
1127646,2018,2018-07-22,"Old Trafford, Manchester",1,39.1,39.1,Yorkshire,Lancashire,A Lyth,SA Patterson,JM Anderson,0,0,,,,,,,,,,,,,
1127646,2018,2018-07-22,"Old Trafford, Manchester",1,39.2,39.2,Yorkshire,Lancashire,A Lyth,SA Patterson,JM Anderson,0,0,,,,,,,,,,,,,
1127646,2018,2018-07-22,"Old Trafford, Manchester",1,39.3,39.3,Yorkshire,Lancashire,A Lyth,SA Patterson,JM Anderson,0,0,,,,,,,,,,,,,
1127646,2018,2018-07-22,"Old Trafford, Manchester",1,39.4,39.4,Yorkshire,Lancashire,A Lyth,SA Patterson,JM Anderson,0,0,,,,,,,,,,,,,
1127646,2018,2018-07-22,"Old Trafford, Manchester",1,39.5,39.5,Yorkshire,Lancashire,A Lyth,SA Patterson,JM Anderson,4,0,,,,,,,,,,,,,
1127646,2018,2018-07-22,"Old Trafford, Manchester",1,39.6,39.6,Yorkshire,Lancashire,A Lyth,SA Patterson,JM Anderson,0,0,,,,,,,,,,,,,
1127646,2018,2018-07-22,"Old Trafford, Manchester",1,40.1,40.1,Yorkshire,Lancashire,SA Patterson,A Lyth,TE Bailey,4,0,,,,,,,,,,,,,
1127646,2018,2018-07-22,"Old Trafford, Manchester",1,40.2,40.2,Yorkshire,Lancashire,SA Patterson,A Lyth,TE Bailey,0,0,,,,,,,,,,,,,
1127646,2018,2018-07-22,"Old Trafford, Manchester",1,40.3,40.3,Yorkshire,Lancashire,SA Patterson,A Lyth,TE Bailey,0,0,,,,,,,,,,,,,
1127646,2018,2018-07-22,"Old Trafford, Manchester",1,40.4,40.4,Yorkshire,Lancashire,SA Patterson,A Lyth,TE Bailey,0,0,,,,,,,,,,,,,
1127646,2018,2018-07-22,"Old Trafford, Manchester",1,40.5,40.5,Yorkshire,Lancashire,SA Patterson,A Lyth,TE Bailey,0,0,,,,,,,,,,,,,
1127646,2018,2018-07-22,"Old Trafford, Manchester",1,40.6,40.6,Yorkshire,Lancashire,SA Patterson,A Lyth,TE Bailey,0,0,,,,,,,caught,SA Patterson,,,KK Jennings,,
1127646,2018,2018-07-22,"Old Trafford, Manchester",1,41.1,41.1,Yorkshire,Lancashire,A Lyth,JA Brooks,JM Anderson,0,0,,,,,,,caught,A Lyth,,,KK Jennings,,
1127646,2018,2018-07-22,"Old Trafford, Manchester",1,41.2,41.2,Yorkshire,Lancashire,JE Poysden,JA Brooks,JM Anderson,0,0,,,,,,,,,,,,,
1127646,2018,2018-07-22,"Old Trafford, Manchester",1,41.3,41.3,Yorkshire,Lancashire,JE Poysden,JA Brooks,JM Anderson,0,0,,,,,,,,,,,,,
1127646,2018,2018-07-22,"Old Trafford, Manchester",1,41.4,41.4,Yorkshire,Lancashire,JE Poysden,JA Brooks,JM Anderson,0,0,,,,,,,,,,,,,
1127646,2018,2018-07-22,"Old Trafford, Manchester",1,41.5,41.5,Yorkshire,Lancashire,JE Poysden,JA Brooks,JM Anderson,0,0,,,,,,,,,,,,,
1127646,2018,2018-07-22,"Old Trafford, Manchester",1,41.6,41.6,Yorkshire,Lancashire,JE Poysden,JA Brooks,JM Anderson,0,0,,,,,,,,,,,,,
1127646,2018,2018-07-22,"Old Trafford, Manchester",1,42.1,42.1,Yorkshire,Lancashire,JA Brooks,JE Poysden,TE Bailey,0,0,,,,,,,,,,,,,
1127646,2018,2018-07-22,"Old Trafford, Manchester",1,42.2,42.2,Yorkshire,Lancashire,JA Brooks,JE Poysden,TE Bailey,0,0,,,,,,,,,,,,,
1127646,2018,2018-07-22,"Old Trafford, Manchester",1,42.3,42.3,Yorkshire,Lancashire,JA Brooks,JE Poysden,TE Bailey,0,0,,,,,,,,,,,,,
1127646,2018,2018-07-22,"Old Trafford, Manchester",1,42.4,42.4,Yorkshire,Lancashire,JA Brooks,JE Poysden,TE Bailey,0,0,,,,,,,,,,,,,
1127646,2018,2018-07-22,"Old Trafford, Manchester",1,42.5,42.5,Yorkshire,Lancashire,JA Brooks,JE Poysden,TE Bailey,0,0,,,,,,,,,,,,,
1127646,2018,2018-07-22,"Old Trafford, Manchester",1,42.6,42.6,Yorkshire,Lancashire,JA Brooks,JE Poysden,TE Bailey,0,0,,,,,,,,,,,,,
1127646,2018,2018-07-22,"Old Trafford, Manchester",1,43.1,43.1,Yorkshire,Lancashire,JE Poysden,JA Brooks,JM Anderson,0,0,,,,,,,,,,,,,
1127646,2018,2018-07-22,"Old Trafford, Manchester",1,43.2,43.2,Yorkshire,Lancashire,JE Poysden,JA Brooks,JM Anderson,2,0,,,,,,,,,,,,,
1127646,2018,2018-07-22,"Old Trafford, Manchester",1,43.3,43.3,Yorkshire,Lancashire,JE Poysden,JA Brooks,JM Anderson,0,0,,,,,,,,,,,,,
1127646,2018,2018-07-22,"Old Trafford, Manchester",1,43.4,43.4,Yorkshire,Lancashire,JE Poysden,JA Brooks,JM Anderson,0,0,,,,,,,,,,,,,
1127646,2018,2018-07-22,"Old Trafford, Manchester",1,43.5,43.5,Yorkshire,Lancashire,JE Poysden,JA Brooks,JM Anderson,0,0,,,,,,,,,,,,,
1127646,2018,2018-07-22,"Old Trafford, Manchester",1,43.6,43.6,Yorkshire,Lancashire,JE Poysden,JA Brooks,JM Anderson,0,0,,,,,,,,,,,,,
1127646,2018,2018-07-22,"Old Trafford, Manchester",1,44.1,44.1,Yorkshire,Lancashire,JA Brooks,JE Poysden,TE Bailey,1,0,,,,,,,,,,,,,
1127646,2018,2018-07-22,"Old Trafford, Manchester",1,44.2,44.2,Yorkshire,Lancashire,JE Poysden,JA Brooks,TE Bailey,4,0,,,,,,true,,,,,,,
1127646,2018,2018-07-22,"Old Trafford, Manchester",1,44.3,44.3,Yorkshire,Lancashire,JE Poysden,JA Brooks,TE Bailey,0,0,,,,,,,,,,,,,
1127646,2018,2018-07-22,"Old Trafford, Manchester",1,44.4,44.4,Yorkshire,Lancashire,JE Poysden,JA Brooks,TE Bailey,0,0,,,,,,,,,,,,,
1127646,2018,2018-07-22,"Old Trafford, Manchester",1,44.5,44.5,Yorkshire,Lancashire,JE Poysden,JA Brooks,TE Bailey,0,0,,,,,,,,,,,,,
1127646,2018,2018-07-22,"Old Trafford, Manchester",1,44.6,44.6,Yorkshire,Lancashire,JE Poysden,JA Brooks,TE Bailey,0,1,,,,1,,,,,,,,,
1127646,2018,2018-07-22,"Old Trafford, Manchester",1,45.1,45.1,Yorkshire,Lancashire,JE Poysden,JA Brooks,JM Anderson,4,0,,,,,,,,,,,,,
1127646,2018,2018-07-22,"Old Trafford, Manchester",1,45.2,45.2,Yorkshire,Lancashire,JE Poysden,JA Brooks,JM Anderson,0,0,,,,,,,,,,,,,
1127646,2018,2018-07-22,"Old Trafford, Manchester",1,45.3,45.3,Yorkshire,Lancashire,JE Poysden,JA Brooks,JM Anderson,0,0,,,,,,,,,,,,,
1127646,2018,2018-07-22,"Old Trafford, Manchester",1,45.4,45.4,Yorkshire,Lancashire,JE Poysden,JA Brooks,JM Anderson,0,0,,,,,,,,,,,,,
1127646,2018,2018-07-22,"Old Trafford, Manchester",1,45.5,45.5,Yorkshire,Lancashire,JE Poysden,JA Brooks,JM Anderson,0,0,,,,,,,,,,,,,
1127646,2018,2018-07-22,"Old Trafford, Manchester",1,45.6,45.6,Yorkshire,Lancashire,JE Poysden,JA Brooks,JM Anderson,0,0,,,,,,,,,,,,,
1127646,2018,2018-07-22,"Old Trafford, Manchester",1,46.1,46.1,Yorkshire,Lancashire,JA Brooks,JE Poysden,TE Bailey,1,0,,,,,,,,,,,,,
1127646,2018,2018-07-22,"Old Trafford, Manchester",1,46.2,46.2,Yorkshire,Lancashire,JE Poysden,JA Brooks,TE Bailey,0,0,,,,,,,,,,,,,
1127646,2018,2018-07-22,"Old Trafford, Manchester",1,46.3,46.3,Yorkshire,Lancashire,JE Poysden,JA Brooks,TE Bailey,0,0,,,,,,,,,,,,,
1127646,2018,2018-07-22,"Old Trafford, Manchester",1,46.4,46.4,Yorkshire,Lancashire,JE Poysden,JA Brooks,TE Bailey,0,0,,,,,,,,,,,,,
1127646,2018,2018-07-22,"Old Trafford, Manchester",1,46.5,46.5,Yorkshire,Lancashire,JE Poysden,JA Brooks,TE Bailey,0,0,,,,,,,,,,,,,
1127646,2018,2018-07-22,"Old Trafford, Manchester",1,46.6,46.6,Yorkshire,Lancashire,JE Poysden,JA Brooks,TE Bailey,0,4,,,4,,,,,,,,,,
1127646,2018,2018-07-22,"Old Trafford, Manchester",1,47.1,47.1,Yorkshire,Lancashire,JA Brooks,JE Poysden,G Onions,0,0,,,,,,,,,,,,,
1127646,2018,2018-07-22,"Old Trafford, Manchester",1,47.2,47.2,Yorkshire,Lancashire,JA Brooks,JE Poysden,G Onions,0,0,,,,,,,,,,,,,
1127646,2018,2018-07-22,"Old Trafford, Manchester",1,47.3,47.3,Yorkshire,Lancashire,JA Brooks,JE Poysden,G Onions,1,0,,,,,,,,,,,,,
1127646,2018,2018-07-22,"Old Trafford, Manchester",1,47.4,47.4,Yorkshire,Lancashire,JE Poysden,JA Brooks,G Onions,0,0,,,,,,,,,,,,,
1127646,2018,2018-07-22,"Old Trafford, Manchester",1,47.5,47.5,Yorkshire,Lancashire,JE Poysden,JA Brooks,G Onions,0,0,,,,,,,,,,,,,
1127646,2018,2018-07-22,"Old Trafford, Manchester",1,47.6,47.6,Yorkshire,Lancashire,JE Poysden,JA Brooks,G Onions,0,2,,,,2,,,,,,,,,
1127646,2018,2018-07-22,"Old Trafford, Manchester",1,48.1,48.1,Yorkshire,Lancashire,JA Brooks,JE Poysden,MW Parkinson,0,0,,,,,,,,,,,,,
1127646,2018,2018-07-22,"Old Trafford, Manchester",1,48.2,48.2,Yorkshire,Lancashire,JA Brooks,JE Poysden,MW Parkinson,0,0,,,,,,,,,,,,,
1127646,2018,2018-07-22,"Old Trafford, Manchester",1,48.3,48.3,Yorkshire,Lancashire,JA Brooks,JE Poysden,MW Parkinson,1,0,,,,,,,,,,,,,
1127646,2018,2018-07-22,"Old Trafford, Manchester",1,48.4,48.4,Yorkshire,Lancashire,JE Poysden,JA Brooks,MW Parkinson,1,0,,,,,,,,,,,,,
1127646,2018,2018-07-22,"Old Trafford, Manchester",1,48.5,48.5,Yorkshire,Lancashire,JA Brooks,JE Poysden,MW Parkinson,1,0,,,,,,,,,,,,,
1127646,2018,2018-07-22,"Old Trafford, Manchester",1,48.6,48.6,Yorkshire,Lancashire,JE Poysden,JA Brooks,MW Parkinson,0,0,,,,,,,,,,,,,
1127646,2018,2018-07-22,"Old Trafford, Manchester",1,49.1,49.1,Yorkshire,Lancashire,JA Brooks,JE Poysden,G Onions,0,0,,,,,,,,,,,,,
1127646,2018,2018-07-22,"Old Trafford, Manchester",1,49.2,49.2,Yorkshire,Lancashire,JA Brooks,JE Poysden,G Onions,0,0,,,,,,,,,,,,,
1127646,2018,2018-07-22,"Old Trafford, Manchester",1,49.3,49.3,Yorkshire,Lancashire,JA Brooks,JE Poysden,G Onions,0,0,,,,,,,,,,,,,
1127646,2018,2018-07-22,"Old Trafford, Manchester",1,49.4,49.4,Yorkshire,Lancashire,JA Brooks,JE Poysden,G Onions,0,0,,,,,,,,,,,,,
1127646,2018,2018-07-22,"Old Trafford, Manchester",1,49.5,49.5,Yorkshire,Lancashire,JA Brooks,JE Poysden,G Onions,4,0,,,,,,,,,,,,,
1127646,2018,2018-07-22,"Old Trafford, Manchester",1,49.6,49.6,Yorkshire,Lancashire,JA Brooks,JE Poysden,G Onions,0,0,,,,,,,,,,,,,
1127646,2018,2018-07-22,"Old Trafford, Manchester",1,50.1,50.1,Yorkshire,Lancashire,JE Poysden,JA Brooks,MW Parkinson,0,0,,,,,,,,,,,,,
1127646,2018,2018-07-22,"Old Trafford, Manchester",1,50.2,50.2,Yorkshire,Lancashire,JE Poysden,JA Brooks,MW Parkinson,1,0,,,,,,,,,,,,,
1127646,2018,2018-07-22,"Old Trafford, Manchester",1,50.3,50.3,Yorkshire,Lancashire,JA Brooks,JE Poysden,MW Parkinson,0,0,,,,,,,,,,,,,
1127646,2018,2018-07-22,"Old Trafford, Manchester",1,50.4,50.4,Yorkshire,Lancashire,JA Brooks,JE Poysden,MW Parkinson,0,0,,,,,,,,,,,,,
1127646,2018,2018-07-22,"Old Trafford, Manchester",1,50.5,50.5,Yorkshire,Lancashire,JA Brooks,JE Poysden,MW Parkinson,4,0,,,,,,,,,,,,,
1127646,2018,2018-07-22,"Old Trafford, Manchester",1,50.6,50.6,Yorkshire,Lancashire,JA Brooks,JE Poysden,MW Parkinson,0,0,,,,,,,,,,,,,
1127646,2018,2018-07-22,"Old Trafford, Manchester",1,51.1,51.1,Yorkshire,Lancashire,JE Poysden,JA Brooks,G Onions,0,0,,,,,,,,,,,,,
1127646,2018,2018-07-22,"Old Trafford, Manchester",1,51.2,51.2,Yorkshire,Lancashire,JE Poysden,JA Brooks,G Onions,0,0,,,,,,,,,,,,,
1127646,2018,2018-07-22,"Old Trafford, Manchester",1,51.3,51.3,Yorkshire,Lancashire,JE Poysden,JA Brooks,G Onions,0,0,,,,,,,,,,,,,
1127646,2018,2018-07-22,"Old Trafford, Manchester",1,51.4,51.4,Yorkshire,Lancashire,JE Poysden,JA Brooks,G Onions,0,2,,2,,,,,,,,,,,
1127646,2018,2018-07-22,"Old Trafford, Manchester",1,51.5,51.4,Yorkshire,Lancashire,JE Poysden,JA Brooks,G Onions,0,0,,,,,,,,,,,,,
1127646,2018,2018-07-22,"Old Trafford, Manchester",1,51.6,51.5,Yorkshire,Lancashire,JE Poysden,JA Brooks,G Onions,0,0,,,,,,,,,,,,,
1127646,2018,2018-07-22,"Old Trafford, Manchester",1,51.7,51.6,Yorkshire,Lancashire,JE Poysden,JA Brooks,G Onions,0,0,,,,,,,,,,,,,
1127646,2018,2018-07-22,"Old Trafford, Manchester",1,52.1,52.1,Yorkshire,Lancashire,JA Brooks,JE Poysden,MW Parkinson,1,0,,,,,,,,,,,,,
1127646,2018,2018-07-22,"Old Trafford, Manchester",1,52.2,52.2,Yorkshire,Lancashire,JE Poysden,JA Brooks,MW Parkinson,0,0,,,,,,,,,,,,,
1127646,2018,2018-07-22,"Old Trafford, Manchester",1,52.3,52.3,Yorkshire,Lancashire,JE Poysden,JA Brooks,MW Parkinson,0,0,,,,,,,,,,,,,
1127646,2018,2018-07-22,"Old Trafford, Manchester",1,52.4,52.4,Yorkshire,Lancashire,JE Poysden,JA Brooks,MW Parkinson,0,0,,,,,,,,,,,,,
1127646,2018,2018-07-22,"Old Trafford, Manchester",1,52.5,52.5,Yorkshire,Lancashire,JE Poysden,JA Brooks,MW Parkinson,0,0,,,,,,,,,,,,,
1127646,2018,2018-07-22,"Old Trafford, Manchester",1,52.6,52.6,Yorkshire,Lancashire,JE Poysden,JA Brooks,MW Parkinson,0,0,,,,,,,,,,,,,
1127646,2018,2018-07-22,"Old Trafford, Manchester",1,53.1,53.1,Yorkshire,Lancashire,JA Brooks,JE Poysden,J Clark,0,0,,,,,,,caught,JA Brooks,,,H Hameed,,
1127646,2018,2018-07-22,"Old Trafford, Manchester",1,53.2,53.2,Yorkshire,Lancashire,BO Coad,JE Poysden,J Clark,0,0,,,,,,,,,,,,,
1127646,2018,2018-07-22,"Old Trafford, Manchester",1,53.3,53.3,Yorkshire,Lancashire,BO Coad,JE Poysden,J Clark,1,0,,,,,,,,,,,,,
1127646,2018,2018-07-22,"Old Trafford, Manchester",1,53.4,53.4,Yorkshire,Lancashire,JE Poysden,BO Coad,J Clark,0,0,,,,,,,,,,,,,
1127646,2018,2018-07-22,"Old Trafford, Manchester",1,53.5,53.5,Yorkshire,Lancashire,JE Poysden,BO Coad,J Clark,0,0,,,,,,,,,,,,,
1127646,2018,2018-07-22,"Old Trafford, Manchester",1,53.6,53.6,Yorkshire,Lancashire,JE Poysden,BO Coad,J Clark,4,0,,,,,,,,,,,,,
1127646,2018,2018-07-22,"Old Trafford, Manchester",1,54.1,54.1,Yorkshire,Lancashire,BO Coad,JE Poysden,MW Parkinson,0,0,,,,,,,,,,,,,
1127646,2018,2018-07-22,"Old Trafford, Manchester",1,54.2,54.2,Yorkshire,Lancashire,BO Coad,JE Poysden,MW Parkinson,0,0,,,,,,,,,,,,,
1127646,2018,2018-07-22,"Old Trafford, Manchester",1,54.3,54.3,Yorkshire,Lancashire,BO Coad,JE Poysden,MW Parkinson,0,0,,,,,,,,,,,,,
1127646,2018,2018-07-22,"Old Trafford, Manchester",1,54.4,54.4,Yorkshire,Lancashire,BO Coad,JE Poysden,MW Parkinson,0,0,,,,,,,,,,,,,
1127646,2018,2018-07-22,"Old Trafford, Manchester",1,54.5,54.5,Yorkshire,Lancashire,BO Coad,JE Poysden,MW Parkinson,0,0,,,,,,,,,,,,,
1127646,2018,2018-07-22,"Old Trafford, Manchester",1,54.6,54.6,Yorkshire,Lancashire,BO Coad,JE Poysden,MW Parkinson,0,0,,,,,,,,,,,,,
1127646,2018,2018-07-22,"Old Trafford, Manchester",1,55.1,55.1,Yorkshire,Lancashire,JE Poysden,BO Coad,J Clark,0,0,,,,,,,,,,,,,
1127646,2018,2018-07-22,"Old Trafford, Manchester",1,55.2,55.2,Yorkshire,Lancashire,JE Poysden,BO Coad,J Clark,0,0,,,,,,,,,,,,,
1127646,2018,2018-07-22,"Old Trafford, Manchester",1,55.3,55.3,Yorkshire,Lancashire,JE Poysden,BO Coad,J Clark,1,0,,,,,,,,,,,,,
1127646,2018,2018-07-22,"Old Trafford, Manchester",1,55.4,55.4,Yorkshire,Lancashire,BO Coad,JE Poysden,J Clark,2,0,,,,,,,,,,,,,
1127646,2018,2018-07-22,"Old Trafford, Manchester",1,55.5,55.5,Yorkshire,Lancashire,BO Coad,JE Poysden,J Clark,4,2,,2,,,,,,,,,,,
1127646,2018,2018-07-22,"Old Trafford, Manchester",1,55.6,55.5,Yorkshire,Lancashire,BO Coad,JE Poysden,J Clark,4,0,,,,,,,,,,,,,
1127646,2018,2018-07-22,"Old Trafford, Manchester",1,55.7,55.6,Yorkshire,Lancashire,BO Coad,JE Poysden,J Clark,0,0,,,,,,,,,,,,,
1127646,2018,2018-07-22,"Old Trafford, Manchester",1,56.1,56.1,Yorkshire,Lancashire,JE Poysden,BO Coad,MW Parkinson,1,0,,,,,,,,,,,,,
1127646,2018,2018-07-22,"Old Trafford, Manchester",1,56.2,56.2,Yorkshire,Lancashire,BO Coad,JE Poysden,MW Parkinson,4,0,,,,,,,,,,,,,
1127646,2018,2018-07-22,"Old Trafford, Manchester",1,56.3,56.3,Yorkshire,Lancashire,BO Coad,JE Poysden,MW Parkinson,0,1,,,,1,,,,,,,,,
1127646,2018,2018-07-22,"Old Trafford, Manchester",1,56.4,56.4,Yorkshire,Lancashire,JE Poysden,BO Coad,MW Parkinson,2,0,,,,,,,,,,,,,
1127646,2018,2018-07-22,"Old Trafford, Manchester",1,56.5,56.5,Yorkshire,Lancashire,JE Poysden,BO Coad,MW Parkinson,0,0,,,,,,,,,,,,,
1127646,2018,2018-07-22,"Old Trafford, Manchester",1,56.6,56.6,Yorkshire,Lancashire,JE Poysden,BO Coad,MW Parkinson,0,0,,,,,,,,,,,,,
1127646,2018,2018-07-22,"Old Trafford, Manchester",1,57.1,57.1,Yorkshire,Lancashire,BO Coad,JE Poysden,J Clark,0,0,,,,,,,bowled,BO Coad,,,,,
1127646,2018,2018-07-22,"Old Trafford, Manchester",2,0.1,0.1,Lancashire,Yorkshire,KK Jennings,AL Davies,BO Coad,0,0,,,,,,,,,,,,,
1127646,2018,2018-07-22,"Old Trafford, Manchester",2,0.2,0.2,Lancashire,Yorkshire,KK Jennings,AL Davies,BO Coad,0,0,,,,,,,,,,,,,
1127646,2018,2018-07-22,"Old Trafford, Manchester",2,0.3,0.3,Lancashire,Yorkshire,KK Jennings,AL Davies,BO Coad,0,0,,,,,,,,,,,,,
1127646,2018,2018-07-22,"Old Trafford, Manchester",2,0.4,0.4,Lancashire,Yorkshire,KK Jennings,AL Davies,BO Coad,1,0,,,,,,,,,,,,,
1127646,2018,2018-07-22,"Old Trafford, Manchester",2,0.5,0.5,Lancashire,Yorkshire,AL Davies,KK Jennings,BO Coad,0,0,,,,,,,,,,,,,
1127646,2018,2018-07-22,"Old Trafford, Manchester",2,0.6,0.6,Lancashire,Yorkshire,AL Davies,KK Jennings,BO Coad,1,0,,,,,,,,,,,,,
1127646,2018,2018-07-22,"Old Trafford, Manchester",2,1.1,1.1,Lancashire,Yorkshire,AL Davies,KK Jennings,JA Brooks,0,0,,,,,,,,,,,,,
1127646,2018,2018-07-22,"Old Trafford, Manchester",2,1.2,1.2,Lancashire,Yorkshire,AL Davies,KK Jennings,JA Brooks,0,0,,,,,,,,,,,,,
1127646,2018,2018-07-22,"Old Trafford, Manchester",2,1.3,1.3,Lancashire,Yorkshire,AL Davies,KK Jennings,JA Brooks,0,0,,,,,,,,,,,,,
1127646,2018,2018-07-22,"Old Trafford, Manchester",2,1.4,1.4,Lancashire,Yorkshire,AL Davies,KK Jennings,JA Brooks,0,0,,,,,,,,,,,,,
1127646,2018,2018-07-22,"Old Trafford, Manchester",2,1.5,1.5,Lancashire,Yorkshire,AL Davies,KK Jennings,JA Brooks,0,0,,,,,,,,,,,,,
1127646,2018,2018-07-22,"Old Trafford, Manchester",2,1.6,1.6,Lancashire,Yorkshire,AL Davies,KK Jennings,JA Brooks,0,0,,,,,,,,,,,,,
1127646,2018,2018-07-22,"Old Trafford, Manchester",2,2.1,2.1,Lancashire,Yorkshire,KK Jennings,AL Davies,BO Coad,0,0,,,,,,,,,,,,,
1127646,2018,2018-07-22,"Old Trafford, Manchester",2,2.2,2.2,Lancashire,Yorkshire,KK Jennings,AL Davies,BO Coad,0,0,,,,,,,,,,,,,
1127646,2018,2018-07-22,"Old Trafford, Manchester",2,2.3,2.3,Lancashire,Yorkshire,KK Jennings,AL Davies,BO Coad,0,0,,,,,,,,,,,,,
1127646,2018,2018-07-22,"Old Trafford, Manchester",2,2.4,2.4,Lancashire,Yorkshire,KK Jennings,AL Davies,BO Coad,0,0,,,,,,,,,,,,,
1127646,2018,2018-07-22,"Old Trafford, Manchester",2,2.5,2.5,Lancashire,Yorkshire,KK Jennings,AL Davies,BO Coad,0,0,,,,,,,,,,,,,
1127646,2018,2018-07-22,"Old Trafford, Manchester",2,2.6,2.6,Lancashire,Yorkshire,KK Jennings,AL Davies,BO Coad,0,0,,,,,,,,,,,,,
1127646,2018,2018-07-22,"Old Trafford, Manchester",2,3.1,3.1,Lancashire,Yorkshire,AL Davies,KK Jennings,JA Brooks,0,0,,,,,,,,,,,,,
1127646,2018,2018-07-22,"Old Trafford, Manchester",2,3.2,3.2,Lancashire,Yorkshire,AL Davies,KK Jennings,JA Brooks,1,0,,,,,,,,,,,,,
1127646,2018,2018-07-22,"Old Trafford, Manchester",2,3.3,3.3,Lancashire,Yorkshire,KK Jennings,AL Davies,JA Brooks,0,0,,,,,,,,,,,,,
1127646,2018,2018-07-22,"Old Trafford, Manchester",2,3.4,3.4,Lancashire,Yorkshire,KK Jennings,AL Davies,JA Brooks,0,0,,,,,,,,,,,,,
1127646,2018,2018-07-22,"Old Trafford, Manchester",2,3.5,3.5,Lancashire,Yorkshire,KK Jennings,AL Davies,JA Brooks,0,0,,,,,,,,,,,,,
1127646,2018,2018-07-22,"Old Trafford, Manchester",2,3.6,3.6,Lancashire,Yorkshire,KK Jennings,AL Davies,JA Brooks,0,0,,,,,,,,,,,,,
1127646,2018,2018-07-22,"Old Trafford, Manchester",2,4.1,4.1,Lancashire,Yorkshire,AL Davies,KK Jennings,BO Coad,0,0,,,,,,,,,,,,,
1127646,2018,2018-07-22,"Old Trafford, Manchester",2,4.2,4.2,Lancashire,Yorkshire,AL Davies,KK Jennings,BO Coad,0,0,,,,,,,,,,,,,
1127646,2018,2018-07-22,"Old Trafford, Manchester",2,4.3,4.3,Lancashire,Yorkshire,AL Davies,KK Jennings,BO Coad,0,0,,,,,,,,,,,,,
1127646,2018,2018-07-22,"Old Trafford, Manchester",2,4.4,4.4,Lancashire,Yorkshire,AL Davies,KK Jennings,BO Coad,0,0,,,,,,,,,,,,,
1127646,2018,2018-07-22,"Old Trafford, Manchester",2,4.5,4.5,Lancashire,Yorkshire,AL Davies,KK Jennings,BO Coad,0,0,,,,,,,,,,,,,
1127646,2018,2018-07-22,"Old Trafford, Manchester",2,4.6,4.6,Lancashire,Yorkshire,AL Davies,KK Jennings,BO Coad,0,0,,,,,,,,,,,,,
1127646,2018,2018-07-22,"Old Trafford, Manchester",2,5.1,5.1,Lancashire,Yorkshire,KK Jennings,AL Davies,JA Brooks,0,0,,,,,,,,,,,,,
1127646,2018,2018-07-22,"Old Trafford, Manchester",2,5.2,5.2,Lancashire,Yorkshire,KK Jennings,AL Davies,JA Brooks,0,0,,,,,,,,,,,,,
1127646,2018,2018-07-22,"Old Trafford, Manchester",2,5.3,5.3,Lancashire,Yorkshire,KK Jennings,AL Davies,JA Brooks,4,0,,,,,,,,,,,,,
1127646,2018,2018-07-22,"Old Trafford, Manchester",2,5.4,5.4,Lancashire,Yorkshire,KK Jennings,AL Davies,JA Brooks,0,0,,,,,,,,,,,,,
1127646,2018,2018-07-22,"Old Trafford, Manchester",2,5.5,5.5,Lancashire,Yorkshire,KK Jennings,AL Davies,JA Brooks,4,0,,,,,,,,,,,,,
1127646,2018,2018-07-22,"Old Trafford, Manchester",2,5.6,5.6,Lancashire,Yorkshire,KK Jennings,AL Davies,JA Brooks,4,0,,,,,,,,,,,,,
1127646,2018,2018-07-22,"Old Trafford, Manchester",2,6.1,6.1,Lancashire,Yorkshire,AL Davies,KK Jennings,BO Coad,4,0,,,,,,,,,,,,,
1127646,2018,2018-07-22,"Old Trafford, Manchester",2,6.2,6.2,Lancashire,Yorkshire,AL Davies,KK Jennings,BO Coad,0,0,,,,,,,,,,,,,
1127646,2018,2018-07-22,"Old Trafford, Manchester",2,6.3,6.3,Lancashire,Yorkshire,AL Davies,KK Jennings,BO Coad,0,0,,,,,,,,,,,,,
1127646,2018,2018-07-22,"Old Trafford, Manchester",2,6.4,6.4,Lancashire,Yorkshire,AL Davies,KK Jennings,BO Coad,0,0,,,,,,,,,,,,,
1127646,2018,2018-07-22,"Old Trafford, Manchester",2,6.5,6.5,Lancashire,Yorkshire,AL Davies,KK Jennings,BO Coad,3,0,,,,,,,,,,,,,
1127646,2018,2018-07-22,"Old Trafford, Manchester",2,6.6,6.6,Lancashire,Yorkshire,KK Jennings,AL Davies,BO Coad,0,0,,,,,,,,,,,,,
1127646,2018,2018-07-22,"Old Trafford, Manchester",2,7.1,7.1,Lancashire,Yorkshire,AL Davies,KK Jennings,JA Brooks,4,0,,,,,,,,,,,,,
1127646,2018,2018-07-22,"Old Trafford, Manchester",2,7.2,7.2,Lancashire,Yorkshire,AL Davies,KK Jennings,JA Brooks,2,0,,,,,,,,,,,,,
1127646,2018,2018-07-22,"Old Trafford, Manchester",2,7.3,7.3,Lancashire,Yorkshire,AL Davies,KK Jennings,JA Brooks,0,0,,,,,,,,,,,,,
1127646,2018,2018-07-22,"Old Trafford, Manchester",2,7.4,7.4,Lancashire,Yorkshire,AL Davies,KK Jennings,JA Brooks,0,0,,,,,,,,,,,,,
1127646,2018,2018-07-22,"Old Trafford, Manchester",2,7.5,7.5,Lancashire,Yorkshire,AL Davies,KK Jennings,JA Brooks,0,0,,,,,,,,,,,,,
1127646,2018,2018-07-22,"Old Trafford, Manchester",2,7.6,7.6,Lancashire,Yorkshire,AL Davies,KK Jennings,JA Brooks,0,0,,,,,,,,,,,,,
1127646,2018,2018-07-22,"Old Trafford, Manchester",2,8.1,8.1,Lancashire,Yorkshire,KK Jennings,AL Davies,BO Coad,0,0,,,,,,,,,,,,,
1127646,2018,2018-07-22,"Old Trafford, Manchester",2,8.2,8.2,Lancashire,Yorkshire,KK Jennings,AL Davies,BO Coad,0,0,,,,,,,,,,,,,
1127646,2018,2018-07-22,"Old Trafford, Manchester",2,8.3,8.3,Lancashire,Yorkshire,KK Jennings,AL Davies,BO Coad,0,0,,,,,,,,,,,,,
1127646,2018,2018-07-22,"Old Trafford, Manchester",2,8.4,8.4,Lancashire,Yorkshire,KK Jennings,AL Davies,BO Coad,1,0,,,,,,,,,,,,,
1127646,2018,2018-07-22,"Old Trafford, Manchester",2,8.5,8.5,Lancashire,Yorkshire,AL Davies,KK Jennings,BO Coad,0,0,,,,,,,,,,,,,
1127646,2018,2018-07-22,"Old Trafford, Manchester",2,8.6,8.6,Lancashire,Yorkshire,AL Davies,KK Jennings,BO Coad,0,0,,,,,,,,,,,,,
1127646,2018,2018-07-22,"Old Trafford, Manchester",2,9.1,9.1,Lancashire,Yorkshire,KK Jennings,AL Davies,SA Patterson,0,0,,,,,,,,,,,,,
1127646,2018,2018-07-22,"Old Trafford, Manchester",2,9.2,9.2,Lancashire,Yorkshire,KK Jennings,AL Davies,SA Patterson,0,0,,,,,,,,,,,,,
1127646,2018,2018-07-22,"Old Trafford, Manchester",2,9.3,9.3,Lancashire,Yorkshire,KK Jennings,AL Davies,SA Patterson,0,0,,,,,,,,,,,,,
1127646,2018,2018-07-22,"Old Trafford, Manchester",2,9.4,9.4,Lancashire,Yorkshire,KK Jennings,AL Davies,SA Patterson,0,0,,,,,,,,,,,,,
1127646,2018,2018-07-22,"Old Trafford, Manchester",2,9.5,9.5,Lancashire,Yorkshire,KK Jennings,AL Davies,SA Patterson,1,0,,,,,,,,,,,,,
1127646,2018,2018-07-22,"Old Trafford, Manchester",2,9.6,9.6,Lancashire,Yorkshire,AL Davies,KK Jennings,SA Patterson,0,0,,,,,,,,,,,,,
1127646,2018,2018-07-22,"Old Trafford, Manchester",2,10.1,10.1,Lancashire,Yorkshire,KK Jennings,AL Davies,BO Coad,0,0,,,,,,,,,,,,,
1127646,2018,2018-07-22,"Old Trafford, Manchester",2,10.2,10.2,Lancashire,Yorkshire,KK Jennings,AL Davies,BO Coad,2,0,,,,,,,,,,,,,
1127646,2018,2018-07-22,"Old Trafford, Manchester",2,10.3,10.3,Lancashire,Yorkshire,KK Jennings,AL Davies,BO Coad,0,0,,,,,,,,,,,,,
1127646,2018,2018-07-22,"Old Trafford, Manchester",2,10.4,10.4,Lancashire,Yorkshire,KK Jennings,AL Davies,BO Coad,4,0,,,,,,,,,,,,,
1127646,2018,2018-07-22,"Old Trafford, Manchester",2,10.5,10.5,Lancashire,Yorkshire,KK Jennings,AL Davies,BO Coad,0,0,,,,,,,,,,,,,
1127646,2018,2018-07-22,"Old Trafford, Manchester",2,10.6,10.6,Lancashire,Yorkshire,KK Jennings,AL Davies,BO Coad,0,0,,,,,,,,,,,,,
1127646,2018,2018-07-22,"Old Trafford, Manchester",2,11.1,11.1,Lancashire,Yorkshire,AL Davies,KK Jennings,SA Patterson,0,0,,,,,,,,,,,,,
1127646,2018,2018-07-22,"Old Trafford, Manchester",2,11.2,11.2,Lancashire,Yorkshire,AL Davies,KK Jennings,SA Patterson,0,0,,,,,,,,,,,,,
1127646,2018,2018-07-22,"Old Trafford, Manchester",2,11.3,11.3,Lancashire,Yorkshire,AL Davies,KK Jennings,SA Patterson,0,0,,,,,,,,,,,,,
1127646,2018,2018-07-22,"Old Trafford, Manchester",2,11.4,11.4,Lancashire,Yorkshire,AL Davies,KK Jennings,SA Patterson,0,0,,,,,,,,,,,,,
1127646,2018,2018-07-22,"Old Trafford, Manchester",2,11.5,11.5,Lancashire,Yorkshire,AL Davies,KK Jennings,SA Patterson,0,0,,,,,,,,,,,,,
1127646,2018,2018-07-22,"Old Trafford, Manchester",2,11.6,11.6,Lancashire,Yorkshire,AL Davies,KK Jennings,SA Patterson,0,0,,,,,,,,,,,,,
1127646,2018,2018-07-22,"Old Trafford, Manchester",2,12.1,12.1,Lancashire,Yorkshire,KK Jennings,AL Davies,TT Bresnan,0,0,,,,,,,,,,,,,
1127646,2018,2018-07-22,"Old Trafford, Manchester",2,12.2,12.2,Lancashire,Yorkshire,KK Jennings,AL Davies,TT Bresnan,1,0,,,,,,,,,,,,,
1127646,2018,2018-07-22,"Old Trafford, Manchester",2,12.3,12.3,Lancashire,Yorkshire,AL Davies,KK Jennings,TT Bresnan,0,0,,,,,,,,,,,,,
1127646,2018,2018-07-22,"Old Trafford, Manchester",2,12.4,12.4,Lancashire,Yorkshire,AL Davies,KK Jennings,TT Bresnan,4,0,,,,,,,,,,,,,
1127646,2018,2018-07-22,"Old Trafford, Manchester",2,12.5,12.5,Lancashire,Yorkshire,AL Davies,KK Jennings,TT Bresnan,4,0,,,,,,,,,,,,,
1127646,2018,2018-07-22,"Old Trafford, Manchester",2,12.6,12.6,Lancashire,Yorkshire,AL Davies,KK Jennings,TT Bresnan,0,0,,,,,,,,,,,,,
1127646,2018,2018-07-22,"Old Trafford, Manchester",2,13.1,13.1,Lancashire,Yorkshire,KK Jennings,AL Davies,SA Patterson,0,0,,,,,,,,,,,,,
1127646,2018,2018-07-22,"Old Trafford, Manchester",2,13.2,13.2,Lancashire,Yorkshire,KK Jennings,AL Davies,SA Patterson,0,0,,,,,,,,,,,,,
1127646,2018,2018-07-22,"Old Trafford, Manchester",2,13.3,13.3,Lancashire,Yorkshire,KK Jennings,AL Davies,SA Patterson,0,0,,,,,,,,,,,,,
1127646,2018,2018-07-22,"Old Trafford, Manchester",2,13.4,13.4,Lancashire,Yorkshire,KK Jennings,AL Davies,SA Patterson,0,0,,,,,,,,,,,,,
1127646,2018,2018-07-22,"Old Trafford, Manchester",2,13.5,13.5,Lancashire,Yorkshire,KK Jennings,AL Davies,SA Patterson,0,0,,,,,,,,,,,,,
1127646,2018,2018-07-22,"Old Trafford, Manchester",2,13.6,13.6,Lancashire,Yorkshire,KK Jennings,AL Davies,SA Patterson,0,0,,,,,,,,,,,,,
1127646,2018,2018-07-22,"Old Trafford, Manchester",2,14.1,14.1,Lancashire,Yorkshire,AL Davies,KK Jennings,TT Bresnan,0,0,,,,,,,,,,,,,
1127646,2018,2018-07-22,"Old Trafford, Manchester",2,14.2,14.2,Lancashire,Yorkshire,AL Davies,KK Jennings,TT Bresnan,0,0,,,,,,,,,,,,,
1127646,2018,2018-07-22,"Old Trafford, Manchester",2,14.3,14.3,Lancashire,Yorkshire,AL Davies,KK Jennings,TT Bresnan,0,0,,,,,,,,,,,,,
1127646,2018,2018-07-22,"Old Trafford, Manchester",2,14.4,14.4,Lancashire,Yorkshire,AL Davies,KK Jennings,TT Bresnan,1,0,,,,,,,,,,,,,
1127646,2018,2018-07-22,"Old Trafford, Manchester",2,14.5,14.5,Lancashire,Yorkshire,KK Jennings,AL Davies,TT Bresnan,0,0,,,,,,,caught,KK Jennings,,,JE Root,,
1127646,2018,2018-07-22,"Old Trafford, Manchester",2,14.6,14.6,Lancashire,Yorkshire,H Hameed,AL Davies,TT Bresnan,0,0,,,,,,,,,,,,,
1127646,2018,2018-07-22,"Old Trafford, Manchester",2,15.1,15.1,Lancashire,Yorkshire,AL Davies,H Hameed,SA Patterson,0,0,,,,,,,,,,,,,
1127646,2018,2018-07-22,"Old Trafford, Manchester",2,15.2,15.2,Lancashire,Yorkshire,AL Davies,H Hameed,SA Patterson,0,0,,,,,,,,,,,,,
1127646,2018,2018-07-22,"Old Trafford, Manchester",2,15.3,15.3,Lancashire,Yorkshire,AL Davies,H Hameed,SA Patterson,4,0,,,,,,,,,,,,,
1127646,2018,2018-07-22,"Old Trafford, Manchester",2,15.4,15.4,Lancashire,Yorkshire,AL Davies,H Hameed,SA Patterson,4,0,,,,,,,,,,,,,
1127646,2018,2018-07-22,"Old Trafford, Manchester",2,15.5,15.5,Lancashire,Yorkshire,AL Davies,H Hameed,SA Patterson,0,0,,,,,,,,,,,,,
1127646,2018,2018-07-22,"Old Trafford, Manchester",2,15.6,15.6,Lancashire,Yorkshire,AL Davies,H Hameed,SA Patterson,0,0,,,,,,,,,,,,,
1127646,2018,2018-07-22,"Old Trafford, Manchester",2,16.1,16.1,Lancashire,Yorkshire,H Hameed,AL Davies,TT Bresnan,0,0,,,,,,,,,,,,,
1127646,2018,2018-07-22,"Old Trafford, Manchester",2,16.2,16.2,Lancashire,Yorkshire,H Hameed,AL Davies,TT Bresnan,0,0,,,,,,,,,,,,,
1127646,2018,2018-07-22,"Old Trafford, Manchester",2,16.3,16.3,Lancashire,Yorkshire,H Hameed,AL Davies,TT Bresnan,0,0,,,,,,,,,,,,,
1127646,2018,2018-07-22,"Old Trafford, Manchester",2,16.4,16.4,Lancashire,Yorkshire,H Hameed,AL Davies,TT Bresnan,0,0,,,,,,,,,,,,,
1127646,2018,2018-07-22,"Old Trafford, Manchester",2,16.5,16.5,Lancashire,Yorkshire,H Hameed,AL Davies,TT Bresnan,0,0,,,,,,,,,,,,,
1127646,2018,2018-07-22,"Old Trafford, Manchester",2,16.6,16.6,Lancashire,Yorkshire,H Hameed,AL Davies,TT Bresnan,1,0,,,,,,,,,,,,,
1127646,2018,2018-07-22,"Old Trafford, Manchester",2,17.1,17.1,Lancashire,Yorkshire,H Hameed,AL Davies,SA Patterson,0,0,,,,,,,,,,,,,
1127646,2018,2018-07-22,"Old Trafford, Manchester",2,17.2,17.2,Lancashire,Yorkshire,H Hameed,AL Davies,SA Patterson,0,0,,,,,,,,,,,,,
1127646,2018,2018-07-22,"Old Trafford, Manchester",2,17.3,17.3,Lancashire,Yorkshire,H Hameed,AL Davies,SA Patterson,0,0,,,,,,,bowled,H Hameed,,,,,
1127646,2018,2018-07-22,"Old Trafford, Manchester",2,17.4,17.4,Lancashire,Yorkshire,DJ Vilas,AL Davies,SA Patterson,0,0,,,,,,,,,,,,,
1127646,2018,2018-07-22,"Old Trafford, Manchester",2,17.5,17.5,Lancashire,Yorkshire,DJ Vilas,AL Davies,SA Patterson,0,0,,,,,,,lbw,DJ Vilas,,,,,
1127646,2018,2018-07-22,"Old Trafford, Manchester",2,17.6,17.6,Lancashire,Yorkshire,JC Buttler,AL Davies,SA Patterson,0,0,,,,,,,,,,,,,
1127646,2018,2018-07-22,"Old Trafford, Manchester",2,18.1,18.1,Lancashire,Yorkshire,AL Davies,JC Buttler,TT Bresnan,0,0,,,,,,,,,,,,,
1127646,2018,2018-07-22,"Old Trafford, Manchester",2,18.2,18.2,Lancashire,Yorkshire,AL Davies,JC Buttler,TT Bresnan,0,0,,,,,,,,,,,,,
1127646,2018,2018-07-22,"Old Trafford, Manchester",2,18.3,18.3,Lancashire,Yorkshire,AL Davies,JC Buttler,TT Bresnan,0,0,,,,,,,,,,,,,
1127646,2018,2018-07-22,"Old Trafford, Manchester",2,18.4,18.4,Lancashire,Yorkshire,AL Davies,JC Buttler,TT Bresnan,0,0,,,,,,,,,,,,,
1127646,2018,2018-07-22,"Old Trafford, Manchester",2,18.5,18.5,Lancashire,Yorkshire,AL Davies,JC Buttler,TT Bresnan,0,0,,,,,,,,,,,,,
1127646,2018,2018-07-22,"Old Trafford, Manchester",2,18.6,18.6,Lancashire,Yorkshire,AL Davies,JC Buttler,TT Bresnan,0,0,,,,,,,,,,,,,
1127646,2018,2018-07-22,"Old Trafford, Manchester",2,19.1,19.1,Lancashire,Yorkshire,JC Buttler,AL Davies,SA Patterson,0,0,,,,,,,,,,,,,
1127646,2018,2018-07-22,"Old Trafford, Manchester",2,19.2,19.2,Lancashire,Yorkshire,JC Buttler,AL Davies,SA Patterson,3,0,,,,,,,,,,,,,
1127646,2018,2018-07-22,"Old Trafford, Manchester",2,19.3,19.3,Lancashire,Yorkshire,AL Davies,JC Buttler,SA Patterson,0,0,,,,,,,,,,,,,
1127646,2018,2018-07-22,"Old Trafford, Manchester",2,19.4,19.4,Lancashire,Yorkshire,AL Davies,JC Buttler,SA Patterson,0,0,,,,,,,,,,,,,
1127646,2018,2018-07-22,"Old Trafford, Manchester",2,19.5,19.5,Lancashire,Yorkshire,AL Davies,JC Buttler,SA Patterson,4,0,,,,,,,,,,,,,
1127646,2018,2018-07-22,"Old Trafford, Manchester",2,19.6,19.6,Lancashire,Yorkshire,AL Davies,JC Buttler,SA Patterson,4,0,,,,,,,,,,,,,
1127646,2018,2018-07-22,"Old Trafford, Manchester",2,20.1,20.1,Lancashire,Yorkshire,JC Buttler,AL Davies,TT Bresnan,0,0,,,,,,,,,,,,,
1127646,2018,2018-07-22,"Old Trafford, Manchester",2,20.2,20.2,Lancashire,Yorkshire,JC Buttler,AL Davies,TT Bresnan,0,0,,,,,,,caught,JC Buttler,,,JM Bairstow,,
1127646,2018,2018-07-22,"Old Trafford, Manchester",2,20.3,20.3,Lancashire,Yorkshire,J Clark,AL Davies,TT Bresnan,0,0,,,,,,,,,,,,,
1127646,2018,2018-07-22,"Old Trafford, Manchester",2,20.4,20.4,Lancashire,Yorkshire,J Clark,AL Davies,TT Bresnan,4,0,,,,,,,,,,,,,
1127646,2018,2018-07-22,"Old Trafford, Manchester",2,20.5,20.5,Lancashire,Yorkshire,J Clark,AL Davies,TT Bresnan,0,0,,,,,,,,,,,,,
1127646,2018,2018-07-22,"Old Trafford, Manchester",2,20.6,20.6,Lancashire,Yorkshire,J Clark,AL Davies,TT Bresnan,0,0,,,,,,,,,,,,,
1127646,2018,2018-07-22,"Old Trafford, Manchester",2,21.1,21.1,Lancashire,Yorkshire,AL Davies,J Clark,SA Patterson,4,0,,,,,,,,,,,,,
1127646,2018,2018-07-22,"Old Trafford, Manchester",2,21.2,21.2,Lancashire,Yorkshire,AL Davies,J Clark,SA Patterson,4,0,,,,,,,,,,,,,
1127646,2018,2018-07-22,"Old Trafford, Manchester",2,21.3,21.3,Lancashire,Yorkshire,AL Davies,J Clark,SA Patterson,0,0,,,,,,,,,,,,,
1127646,2018,2018-07-22,"Old Trafford, Manchester",2,21.4,21.4,Lancashire,Yorkshire,AL Davies,J Clark,SA Patterson,0,0,,,,,,,,,,,,,
1127646,2018,2018-07-22,"Old Trafford, Manchester",2,21.5,21.5,Lancashire,Yorkshire,AL Davies,J Clark,SA Patterson,0,0,,,,,,,,,,,,,
1127646,2018,2018-07-22,"Old Trafford, Manchester",2,21.6,21.6,Lancashire,Yorkshire,AL Davies,J Clark,SA Patterson,0,0,,,,,,,,,,,,,
1127646,2018,2018-07-22,"Old Trafford, Manchester",2,22.1,22.1,Lancashire,Yorkshire,J Clark,AL Davies,TT Bresnan,1,0,,,,,,,,,,,,,
1127646,2018,2018-07-22,"Old Trafford, Manchester",2,22.2,22.2,Lancashire,Yorkshire,AL Davies,J Clark,TT Bresnan,0,0,,,,,,,,,,,,,
1127646,2018,2018-07-22,"Old Trafford, Manchester",2,22.3,22.3,Lancashire,Yorkshire,AL Davies,J Clark,TT Bresnan,0,0,,,,,,,,,,,,,
1127646,2018,2018-07-22,"Old Trafford, Manchester",2,22.4,22.4,Lancashire,Yorkshire,AL Davies,J Clark,TT Bresnan,0,0,,,,,,,,,,,,,
1127646,2018,2018-07-22,"Old Trafford, Manchester",2,22.5,22.5,Lancashire,Yorkshire,AL Davies,J Clark,TT Bresnan,0,0,,,,,,,,,,,,,
1127646,2018,2018-07-22,"Old Trafford, Manchester",2,22.6,22.6,Lancashire,Yorkshire,AL Davies,J Clark,TT Bresnan,0,0,,,,,,,,,,,,,
1127646,2018,2018-07-22,"Old Trafford, Manchester",2,23.1,23.1,Lancashire,Yorkshire,J Clark,AL Davies,SA Patterson,0,0,,,,,,,,,,,,,
1127646,2018,2018-07-22,"Old Trafford, Manchester",2,23.2,23.2,Lancashire,Yorkshire,J Clark,AL Davies,SA Patterson,0,0,,,,,,,,,,,,,
1127646,2018,2018-07-22,"Old Trafford, Manchester",2,23.3,23.3,Lancashire,Yorkshire,J Clark,AL Davies,SA Patterson,2,0,,,,,,,,,,,,,
1127646,2018,2018-07-22,"Old Trafford, Manchester",2,23.4,23.4,Lancashire,Yorkshire,J Clark,AL Davies,SA Patterson,0,0,,,,,,,,,,,,,
1127646,2018,2018-07-22,"Old Trafford, Manchester",2,23.5,23.5,Lancashire,Yorkshire,J Clark,AL Davies,SA Patterson,0,0,,,,,,,,,,,,,
1127646,2018,2018-07-22,"Old Trafford, Manchester",2,23.6,23.6,Lancashire,Yorkshire,J Clark,AL Davies,SA Patterson,4,0,,,,,,,,,,,,,
1127646,2018,2018-07-22,"Old Trafford, Manchester",2,24.1,24.1,Lancashire,Yorkshire,AL Davies,J Clark,TT Bresnan,2,0,,,,,,,,,,,,,
1127646,2018,2018-07-22,"Old Trafford, Manchester",2,24.2,24.2,Lancashire,Yorkshire,AL Davies,J Clark,TT Bresnan,0,0,,,,,,,,,,,,,
1127646,2018,2018-07-22,"Old Trafford, Manchester",2,24.3,24.3,Lancashire,Yorkshire,AL Davies,J Clark,TT Bresnan,0,0,,,,,,,,,,,,,
1127646,2018,2018-07-22,"Old Trafford, Manchester",2,24.4,24.4,Lancashire,Yorkshire,AL Davies,J Clark,TT Bresnan,1,0,,,,,,,,,,,,,
1127646,2018,2018-07-22,"Old Trafford, Manchester",2,24.5,24.5,Lancashire,Yorkshire,J Clark,AL Davies,TT Bresnan,4,0,,,,,,,,,,,,,
1127646,2018,2018-07-22,"Old Trafford, Manchester",2,24.6,24.6,Lancashire,Yorkshire,J Clark,AL Davies,TT Bresnan,0,0,,,,,,,,,,,,,
1127646,2018,2018-07-22,"Old Trafford, Manchester",2,25.1,25.1,Lancashire,Yorkshire,AL Davies,J Clark,BO Coad,0,0,,,,,,,,,,,,,
1127646,2018,2018-07-22,"Old Trafford, Manchester",2,25.2,25.2,Lancashire,Yorkshire,AL Davies,J Clark,BO Coad,0,0,,,,,,,caught,AL Davies,,,JM Bairstow,,
1127646,2018,2018-07-22,"Old Trafford, Manchester",2,25.3,25.3,Lancashire,Yorkshire,TE Bailey,J Clark,BO Coad,0,0,,,,,,,,,,,,,
1127646,2018,2018-07-22,"Old Trafford, Manchester",2,25.4,25.4,Lancashire,Yorkshire,TE Bailey,J Clark,BO Coad,0,0,,,,,,,bowled,TE Bailey,,,,,
1127646,2018,2018-07-22,"Old Trafford, Manchester",2,25.5,25.5,Lancashire,Yorkshire,G Onions,J Clark,BO Coad,0,0,,,,,,,,,,,,,
1127646,2018,2018-07-22,"Old Trafford, Manchester",2,25.6,25.6,Lancashire,Yorkshire,G Onions,J Clark,BO Coad,0,0,,,,,,,bowled,G Onions,,,,,
1127646,2018,2018-07-22,"Old Trafford, Manchester",2,26.1,26.1,Lancashire,Yorkshire,J Clark,MW Parkinson,JA Brooks,0,0,,,,,,,,,,,,,
1127646,2018,2018-07-22,"Old Trafford, Manchester",2,26.2,26.2,Lancashire,Yorkshire,J Clark,MW Parkinson,JA Brooks,0,0,,,,,,,,,,,,,
1127646,2018,2018-07-22,"Old Trafford, Manchester",2,26.3,26.3,Lancashire,Yorkshire,J Clark,MW Parkinson,JA Brooks,0,0,,,,,,,caught,J Clark,,,TT Bresnan,,
1127646,2018,2018-07-22,"Old Trafford, Manchester",2,26.4,26.4,Lancashire,Yorkshire,MW Parkinson,JM Anderson,JA Brooks,0,0,,,,,,,,,,,,,
1127646,2018,2018-07-22,"Old Trafford, Manchester",2,26.5,26.5,Lancashire,Yorkshire,MW Parkinson,JM Anderson,JA Brooks,0,0,,,,,,,,,,,,,
1127646,2018,2018-07-22,"Old Trafford, Manchester",2,26.6,26.6,Lancashire,Yorkshire,MW Parkinson,JM Anderson,JA Brooks,1,0,,,,,,,,,,,,,
1127646,2018,2018-07-22,"Old Trafford, Manchester",2,27.1,27.1,Lancashire,Yorkshire,MW Parkinson,JM Anderson,BO Coad,0,0,,,,,,,,,,,,,
1127646,2018,2018-07-22,"Old Trafford, Manchester",2,27.2,27.2,Lancashire,Yorkshire,MW Parkinson,JM Anderson,BO Coad,0,0,,,,,,,,,,,,,
1127646,2018,2018-07-22,"Old Trafford, Manchester",2,27.3,27.3,Lancashire,Yorkshire,MW Parkinson,JM Anderson,BO Coad,3,0,,,,,,,,,,,,,
1127646,2018,2018-07-22,"Old Trafford, Manchester",2,27.4,27.4,Lancashire,Yorkshire,JM Anderson,MW Parkinson,BO Coad,0,0,,,,,,,,,,,,,
1127646,2018,2018-07-22,"Old Trafford, Manchester",2,27.5,27.5,Lancashire,Yorkshire,JM Anderson,MW Parkinson,BO Coad,4,0,,,,,,,,,,,,,
1127646,2018,2018-07-22,"Old Trafford, Manchester",2,27.6,27.6,Lancashire,Yorkshire,JM Anderson,MW Parkinson,BO Coad,0,0,,,,,,,,,,,,,
1127646,2018,2018-07-22,"Old Trafford, Manchester",2,28.1,28.1,Lancashire,Yorkshire,MW Parkinson,JM Anderson,JA Brooks,0,0,,,,,,,,,,,,,
1127646,2018,2018-07-22,"Old Trafford, Manchester",2,28.2,28.2,Lancashire,Yorkshire,MW Parkinson,JM Anderson,JA Brooks,0,0,,,,,,,,,,,,,
1127646,2018,2018-07-22,"Old Trafford, Manchester",2,28.3,28.3,Lancashire,Yorkshire,MW Parkinson,JM Anderson,JA Brooks,1,0,,,,,,,,,,,,,
1127646,2018,2018-07-22,"Old Trafford, Manchester",2,28.4,28.4,Lancashire,Yorkshire,JM Anderson,MW Parkinson,JA Brooks,0,0,,,,,,,,,,,,,
1127646,2018,2018-07-22,"Old Trafford, Manchester",2,28.5,28.5,Lancashire,Yorkshire,JM Anderson,MW Parkinson,JA Brooks,0,0,,,,,,,,,,,,,
1127646,2018,2018-07-22,"Old Trafford, Manchester",2,28.6,28.6,Lancashire,Yorkshire,JM Anderson,MW Parkinson,JA Brooks,0,0,,,,,,,,,,,,,
1127646,2018,2018-07-22,"Old Trafford, Manchester",2,29.1,29.1,Lancashire,Yorkshire,MW Parkinson,JM Anderson,BO Coad,0,0,,,,,,,,,,,,,
1127646,2018,2018-07-22,"Old Trafford, Manchester",2,29.2,29.2,Lancashire,Yorkshire,MW Parkinson,JM Anderson,BO Coad,1,0,,,,,,,,,,,,,
1127646,2018,2018-07-22,"Old Trafford, Manchester",2,29.3,29.3,Lancashire,Yorkshire,JM Anderson,MW Parkinson,BO Coad,0,0,,,,,,,,,,,,,
1127646,2018,2018-07-22,"Old Trafford, Manchester",2,29.4,29.4,Lancashire,Yorkshire,JM Anderson,MW Parkinson,BO Coad,0,0,,,,,,,,,,,,,
1127646,2018,2018-07-22,"Old Trafford, Manchester",2,29.5,29.5,Lancashire,Yorkshire,JM Anderson,MW Parkinson,BO Coad,0,0,,,,,,,,,,,,,
1127646,2018,2018-07-22,"Old Trafford, Manchester",2,29.6,29.6,Lancashire,Yorkshire,JM Anderson,MW Parkinson,BO Coad,4,0,,,,,,,,,,,,,
1127646,2018,2018-07-22,"Old Trafford, Manchester",2,30.1,30.1,Lancashire,Yorkshire,MW Parkinson,JM Anderson,JA Brooks,0,0,,,,,,,,,,,,,
1127646,2018,2018-07-22,"Old Trafford, Manchester",2,30.2,30.2,Lancashire,Yorkshire,MW Parkinson,JM Anderson,JA Brooks,3,0,,,,,,,,,,,,,
1127646,2018,2018-07-22,"Old Trafford, Manchester",2,30.3,30.3,Lancashire,Yorkshire,JM Anderson,MW Parkinson,JA Brooks,0,0,,,,,,,,,,,,,
1127646,2018,2018-07-22,"Old Trafford, Manchester",2,30.4,30.4,Lancashire,Yorkshire,JM Anderson,MW Parkinson,JA Brooks,0,0,,,,,,,lbw,JM Anderson,,,,,
1127646,2018,2018-07-22,"Old Trafford, Manchester",3,0.1,0.1,Yorkshire,Lancashire,A Lyth,HC Brook,JM Anderson,0,0,,,,,,,,,,,,,
1127646,2018,2018-07-22,"Old Trafford, Manchester",3,0.2,0.2,Yorkshire,Lancashire,A Lyth,HC Brook,JM Anderson,0,0,,,,,,,,,,,,,
1127646,2018,2018-07-22,"Old Trafford, Manchester",3,0.3,0.3,Yorkshire,Lancashire,A Lyth,HC Brook,JM Anderson,0,0,,,,,,,,,,,,,
1127646,2018,2018-07-22,"Old Trafford, Manchester",3,0.4,0.4,Yorkshire,Lancashire,A Lyth,HC Brook,JM Anderson,0,0,,,,,,,,,,,,,
1127646,2018,2018-07-22,"Old Trafford, Manchester",3,0.5,0.5,Yorkshire,Lancashire,A Lyth,HC Brook,JM Anderson,0,0,,,,,,,,,,,,,
1127646,2018,2018-07-22,"Old Trafford, Manchester",3,0.6,0.6,Yorkshire,Lancashire,A Lyth,HC Brook,JM Anderson,4,0,,,,,,,,,,,,,
1127646,2018,2018-07-22,"Old Trafford, Manchester",3,1.1,1.1,Yorkshire,Lancashire,HC Brook,A Lyth,G Onions,0,0,,,,,,,,,,,,,
1127646,2018,2018-07-22,"Old Trafford, Manchester",3,1.2,1.2,Yorkshire,Lancashire,HC Brook,A Lyth,G Onions,0,0,,,,,,,,,,,,,
1127646,2018,2018-07-22,"Old Trafford, Manchester",3,1.3,1.3,Yorkshire,Lancashire,HC Brook,A Lyth,G Onions,1,0,,,,,,,,,,,,,
1127646,2018,2018-07-22,"Old Trafford, Manchester",3,1.4,1.4,Yorkshire,Lancashire,A Lyth,HC Brook,G Onions,0,0,,,,,,,,,,,,,
1127646,2018,2018-07-22,"Old Trafford, Manchester",3,1.5,1.5,Yorkshire,Lancashire,A Lyth,HC Brook,G Onions,0,0,,,,,,,,,,,,,
1127646,2018,2018-07-22,"Old Trafford, Manchester",3,1.6,1.6,Yorkshire,Lancashire,A Lyth,HC Brook,G Onions,0,0,,,,,,,caught,A Lyth,,,DJ Vilas,,
1127646,2018,2018-07-22,"Old Trafford, Manchester",3,2.1,2.1,Yorkshire,Lancashire,HC Brook,JE Root,JM Anderson,0,0,,,,,,,,,,,,,
1127646,2018,2018-07-22,"Old Trafford, Manchester",3,2.2,2.2,Yorkshire,Lancashire,HC Brook,JE Root,JM Anderson,0,0,,,,,,,,,,,,,
1127646,2018,2018-07-22,"Old Trafford, Manchester",3,2.3,2.3,Yorkshire,Lancashire,HC Brook,JE Root,JM Anderson,0,2,,,,2,,,,,,,,,
1127646,2018,2018-07-22,"Old Trafford, Manchester",3,2.4,2.4,Yorkshire,Lancashire,HC Brook,JE Root,JM Anderson,0,0,,,,,,,,,,,,,
1127646,2018,2018-07-22,"Old Trafford, Manchester",3,2.5,2.5,Yorkshire,Lancashire,HC Brook,JE Root,JM Anderson,0,0,,,,,,,,,,,,,
1127646,2018,2018-07-22,"Old Trafford, Manchester",3,2.6,2.6,Yorkshire,Lancashire,HC Brook,JE Root,JM Anderson,4,0,,,,,,,,,,,,,
1127646,2018,2018-07-22,"Old Trafford, Manchester",3,3.1,3.1,Yorkshire,Lancashire,JE Root,HC Brook,G Onions,0,0,,,,,,,,,,,,,
1127646,2018,2018-07-22,"Old Trafford, Manchester",3,3.2,3.2,Yorkshire,Lancashire,JE Root,HC Brook,G Onions,0,0,,,,,,,,,,,,,
1127646,2018,2018-07-22,"Old Trafford, Manchester",3,3.3,3.3,Yorkshire,Lancashire,JE Root,HC Brook,G Onions,1,0,,,,,,,,,,,,,
1127646,2018,2018-07-22,"Old Trafford, Manchester",3,3.4,3.4,Yorkshire,Lancashire,HC Brook,JE Root,G Onions,0,0,,,,,,,,,,,,,
1127646,2018,2018-07-22,"Old Trafford, Manchester",3,3.5,3.5,Yorkshire,Lancashire,HC Brook,JE Root,G Onions,0,0,,,,,,,,,,,,,
1127646,2018,2018-07-22,"Old Trafford, Manchester",3,3.6,3.6,Yorkshire,Lancashire,HC Brook,JE Root,G Onions,4,0,,,,,,,,,,,,,
1127646,2018,2018-07-22,"Old Trafford, Manchester",3,4.1,4.1,Yorkshire,Lancashire,JE Root,HC Brook,JM Anderson,2,0,,,,,,,,,,,,,
1127646,2018,2018-07-22,"Old Trafford, Manchester",3,4.2,4.2,Yorkshire,Lancashire,JE Root,HC Brook,JM Anderson,0,0,,,,,,,caught,JE Root,,,DJ Vilas,,
1127646,2018,2018-07-22,"Old Trafford, Manchester",3,4.3,4.3,Yorkshire,Lancashire,KS Williamson,HC Brook,JM Anderson,1,0,,,,,,,,,,,,,
1127646,2018,2018-07-22,"Old Trafford, Manchester",3,4.4,4.4,Yorkshire,Lancashire,HC Brook,KS Williamson,JM Anderson,0,0,,,,,,,,,,,,,
1127646,2018,2018-07-22,"Old Trafford, Manchester",3,4.5,4.5,Yorkshire,Lancashire,HC Brook,KS Williamson,JM Anderson,0,0,,,,,,,,,,,,,
1127646,2018,2018-07-22,"Old Trafford, Manchester",3,4.6,4.6,Yorkshire,Lancashire,HC Brook,KS Williamson,JM Anderson,1,0,,,,,,,,,,,,,
1127646,2018,2018-07-22,"Old Trafford, Manchester",3,5.1,5.1,Yorkshire,Lancashire,HC Brook,KS Williamson,G Onions,1,0,,,,,,,,,,,,,
1127646,2018,2018-07-22,"Old Trafford, Manchester",3,5.2,5.2,Yorkshire,Lancashire,KS Williamson,HC Brook,G Onions,0,0,,,,,,,,,,,,,
1127646,2018,2018-07-22,"Old Trafford, Manchester",3,5.3,5.3,Yorkshire,Lancashire,KS Williamson,HC Brook,G Onions,0,0,,,,,,,,,,,,,
1127646,2018,2018-07-22,"Old Trafford, Manchester",3,5.4,5.4,Yorkshire,Lancashire,KS Williamson,HC Brook,G Onions,0,0,,,,,,,caught,KS Williamson,,,DJ Vilas,,
1127646,2018,2018-07-22,"Old Trafford, Manchester",3,5.5,5.5,Yorkshire,Lancashire,JM Bairstow,HC Brook,G Onions,0,0,,,,,,,,,,,,,
1127646,2018,2018-07-22,"Old Trafford, Manchester",3,5.6,5.6,Yorkshire,Lancashire,JM Bairstow,HC Brook,G Onions,0,0,,,,,,,,,,,,,
1127646,2018,2018-07-22,"Old Trafford, Manchester",3,6.1,6.1,Yorkshire,Lancashire,HC Brook,JM Bairstow,JM Anderson,0,0,,,,,,,,,,,,,
1127646,2018,2018-07-22,"Old Trafford, Manchester",3,6.2,6.2,Yorkshire,Lancashire,HC Brook,JM Bairstow,JM Anderson,4,0,,,,,,,,,,,,,
1127646,2018,2018-07-22,"Old Trafford, Manchester",3,6.3,6.3,Yorkshire,Lancashire,HC Brook,JM Bairstow,JM Anderson,0,0,,,,,,,,,,,,,
1127646,2018,2018-07-22,"Old Trafford, Manchester",3,6.4,6.4,Yorkshire,Lancashire,HC Brook,JM Bairstow,JM Anderson,1,0,,,,,,,,,,,,,
1127646,2018,2018-07-22,"Old Trafford, Manchester",3,6.5,6.5,Yorkshire,Lancashire,JM Bairstow,HC Brook,JM Anderson,3,0,,,,,,,,,,,,,
1127646,2018,2018-07-22,"Old Trafford, Manchester",3,6.6,6.6,Yorkshire,Lancashire,HC Brook,JM Bairstow,JM Anderson,0,0,,,,,,,,,,,,,
1127646,2018,2018-07-22,"Old Trafford, Manchester",3,7.1,7.1,Yorkshire,Lancashire,JM Bairstow,HC Brook,G Onions,4,0,,,,,,,,,,,,,
1127646,2018,2018-07-22,"Old Trafford, Manchester",3,7.2,7.2,Yorkshire,Lancashire,JM Bairstow,HC Brook,G Onions,2,0,,,,,,,,,,,,,
1127646,2018,2018-07-22,"Old Trafford, Manchester",3,7.3,7.3,Yorkshire,Lancashire,JM Bairstow,HC Brook,G Onions,3,0,,,,,,,,,,,,,
1127646,2018,2018-07-22,"Old Trafford, Manchester",3,7.4,7.4,Yorkshire,Lancashire,HC Brook,JM Bairstow,G Onions,0,0,,,,,,,,,,,,,
1127646,2018,2018-07-22,"Old Trafford, Manchester",3,7.5,7.5,Yorkshire,Lancashire,HC Brook,JM Bairstow,G Onions,4,0,,,,,,,,,,,,,
1127646,2018,2018-07-22,"Old Trafford, Manchester",3,7.6,7.6,Yorkshire,Lancashire,HC Brook,JM Bairstow,G Onions,0,0,,,,,,,,,,,,,
1127646,2018,2018-07-22,"Old Trafford, Manchester",3,8.1,8.1,Yorkshire,Lancashire,JM Bairstow,HC Brook,TE Bailey,2,0,,,,,,,,,,,,,
1127646,2018,2018-07-22,"Old Trafford, Manchester",3,8.2,8.2,Yorkshire,Lancashire,JM Bairstow,HC Brook,TE Bailey,4,0,,,,,,,,,,,,,
1127646,2018,2018-07-22,"Old Trafford, Manchester",3,8.3,8.3,Yorkshire,Lancashire,JM Bairstow,HC Brook,TE Bailey,4,0,,,,,,,,,,,,,
1127646,2018,2018-07-22,"Old Trafford, Manchester",3,8.4,8.4,Yorkshire,Lancashire,JM Bairstow,HC Brook,TE Bailey,0,0,,,,,,,,,,,,,
1127646,2018,2018-07-22,"Old Trafford, Manchester",3,8.5,8.5,Yorkshire,Lancashire,JM Bairstow,HC Brook,TE Bailey,0,1,,,,1,,,,,,,,,
1127646,2018,2018-07-22,"Old Trafford, Manchester",3,8.6,8.6,Yorkshire,Lancashire,HC Brook,JM Bairstow,TE Bailey,4,0,,,,,,,,,,,,,
1127646,2018,2018-07-22,"Old Trafford, Manchester",3,9.1,9.1,Yorkshire,Lancashire,JM Bairstow,HC Brook,G Onions,0,0,,,,,,,,,,,,,
1127646,2018,2018-07-22,"Old Trafford, Manchester",3,9.2,9.2,Yorkshire,Lancashire,JM Bairstow,HC Brook,G Onions,0,0,,,,,,,,,,,,,
1127646,2018,2018-07-22,"Old Trafford, Manchester",3,9.3,9.3,Yorkshire,Lancashire,JM Bairstow,HC Brook,G Onions,0,0,,,,,,,,,,,,,
1127646,2018,2018-07-22,"Old Trafford, Manchester",3,9.4,9.4,Yorkshire,Lancashire,JM Bairstow,HC Brook,G Onions,4,0,,,,,,,,,,,,,
1127646,2018,2018-07-22,"Old Trafford, Manchester",3,9.5,9.5,Yorkshire,Lancashire,JM Bairstow,HC Brook,G Onions,0,0,,,,,,,,,,,,,
1127646,2018,2018-07-22,"Old Trafford, Manchester",3,9.6,9.6,Yorkshire,Lancashire,JM Bairstow,HC Brook,G Onions,2,0,,,,,,,,,,,,,
1127646,2018,2018-07-22,"Old Trafford, Manchester",3,10.1,10.1,Yorkshire,Lancashire,HC Brook,JM Bairstow,TE Bailey,0,0,,,,,,,,,,,,,
1127646,2018,2018-07-22,"Old Trafford, Manchester",3,10.2,10.2,Yorkshire,Lancashire,HC Brook,JM Bairstow,TE Bailey,1,0,,,,,,,,,,,,,
1127646,2018,2018-07-22,"Old Trafford, Manchester",3,10.3,10.3,Yorkshire,Lancashire,JM Bairstow,HC Brook,TE Bailey,1,0,,,,,,,,,,,,,
1127646,2018,2018-07-22,"Old Trafford, Manchester",3,10.4,10.4,Yorkshire,Lancashire,HC Brook,JM Bairstow,TE Bailey,1,0,,,,,,,,,,,,,
1127646,2018,2018-07-22,"Old Trafford, Manchester",3,10.5,10.5,Yorkshire,Lancashire,JM Bairstow,HC Brook,TE Bailey,4,0,,,,,,,,,,,,,
1127646,2018,2018-07-22,"Old Trafford, Manchester",3,10.6,10.6,Yorkshire,Lancashire,JM Bairstow,HC Brook,TE Bailey,0,0,,,,,,,,,,,,,
1127646,2018,2018-07-22,"Old Trafford, Manchester",3,11.1,11.1,Yorkshire,Lancashire,HC Brook,JM Bairstow,G Onions,0,0,,,,,,,,,,,,,
1127646,2018,2018-07-22,"Old Trafford, Manchester",3,11.2,11.2,Yorkshire,Lancashire,HC Brook,JM Bairstow,G Onions,0,0,,,,,,,,,,,,,
1127646,2018,2018-07-22,"Old Trafford, Manchester",3,11.3,11.3,Yorkshire,Lancashire,HC Brook,JM Bairstow,G Onions,0,0,,,,,,,,,,,,,
1127646,2018,2018-07-22,"Old Trafford, Manchester",3,11.4,11.4,Yorkshire,Lancashire,HC Brook,JM Bairstow,G Onions,0,0,,,,,,,,,,,,,
1127646,2018,2018-07-22,"Old Trafford, Manchester",3,11.5,11.5,Yorkshire,Lancashire,HC Brook,JM Bairstow,G Onions,0,0,,,,,,,,,,,,,
1127646,2018,2018-07-22,"Old Trafford, Manchester",3,11.6,11.6,Yorkshire,Lancashire,HC Brook,JM Bairstow,G Onions,1,0,,,,,,,,,,,,,
1127646,2018,2018-07-22,"Old Trafford, Manchester",3,12.1,12.1,Yorkshire,Lancashire,HC Brook,JM Bairstow,J Clark,0,0,,,,,,,,,,,,,
1127646,2018,2018-07-22,"Old Trafford, Manchester",3,12.2,12.2,Yorkshire,Lancashire,HC Brook,JM Bairstow,J Clark,2,0,,,,,,,,,,,,,
1127646,2018,2018-07-22,"Old Trafford, Manchester",3,12.3,12.3,Yorkshire,Lancashire,HC Brook,JM Bairstow,J Clark,1,0,,,,,,,,,,,,,
1127646,2018,2018-07-22,"Old Trafford, Manchester",3,12.4,12.4,Yorkshire,Lancashire,JM Bairstow,HC Brook,J Clark,0,1,,,,1,,,,,,,,,
1127646,2018,2018-07-22,"Old Trafford, Manchester",3,12.5,12.5,Yorkshire,Lancashire,HC Brook,JM Bairstow,J Clark,0,0,,,,,,,,,,,,,
1127646,2018,2018-07-22,"Old Trafford, Manchester",3,12.6,12.6,Yorkshire,Lancashire,HC Brook,JM Bairstow,J Clark,0,0,,,,,,,,,,,,,
1127646,2018,2018-07-22,"Old Trafford, Manchester",3,13.1,13.1,Yorkshire,Lancashire,JM Bairstow,HC Brook,JM Anderson,0,1,,,,1,,,,,,,,,
1127646,2018,2018-07-22,"Old Trafford, Manchester",3,13.2,13.2,Yorkshire,Lancashire,HC Brook,JM Bairstow,JM Anderson,1,0,,,,,,,,,,,,,
1127646,2018,2018-07-22,"Old Trafford, Manchester",3,13.3,13.3,Yorkshire,Lancashire,JM Bairstow,HC Brook,JM Anderson,0,0,,,,,,,,,,,,,
1127646,2018,2018-07-22,"Old Trafford, Manchester",3,13.4,13.4,Yorkshire,Lancashire,JM Bairstow,HC Brook,JM Anderson,0,0,,,,,,,,,,,,,
1127646,2018,2018-07-22,"Old Trafford, Manchester",3,13.5,13.5,Yorkshire,Lancashire,JM Bairstow,HC Brook,JM Anderson,0,0,,,,,,,,,,,,,
1127646,2018,2018-07-22,"Old Trafford, Manchester",3,13.6,13.6,Yorkshire,Lancashire,JM Bairstow,HC Brook,JM Anderson,0,0,,,,,,,,,,,,,
1127646,2018,2018-07-22,"Old Trafford, Manchester",3,14.1,14.1,Yorkshire,Lancashire,HC Brook,JM Bairstow,J Clark,0,0,,,,,,,,,,,,,
1127646,2018,2018-07-22,"Old Trafford, Manchester",3,14.2,14.2,Yorkshire,Lancashire,HC Brook,JM Bairstow,J Clark,1,0,,,,,,,,,,,,,
1127646,2018,2018-07-22,"Old Trafford, Manchester",3,14.3,14.3,Yorkshire,Lancashire,JM Bairstow,HC Brook,J Clark,1,0,,,,,,,,,,,,,
1127646,2018,2018-07-22,"Old Trafford, Manchester",3,14.4,14.4,Yorkshire,Lancashire,HC Brook,JM Bairstow,J Clark,1,0,,,,,,,,,,,,,
1127646,2018,2018-07-22,"Old Trafford, Manchester",3,14.5,14.5,Yorkshire,Lancashire,JM Bairstow,HC Brook,J Clark,0,0,,,,,,,,,,,,,
1127646,2018,2018-07-22,"Old Trafford, Manchester",3,14.6,14.6,Yorkshire,Lancashire,JM Bairstow,HC Brook,J Clark,0,1,,,,1,,,,,,,,,
1127646,2018,2018-07-22,"Old Trafford, Manchester",3,15.1,15.1,Yorkshire,Lancashire,JM Bairstow,HC Brook,JM Anderson,0,0,,,,,,,,,,,,,
1127646,2018,2018-07-22,"Old Trafford, Manchester",3,15.2,15.2,Yorkshire,Lancashire,JM Bairstow,HC Brook,JM Anderson,2,0,,,,,,,,,,,,,
1127646,2018,2018-07-22,"Old Trafford, Manchester",3,15.3,15.3,Yorkshire,Lancashire,JM Bairstow,HC Brook,JM Anderson,2,0,,,,,,,,,,,,,
1127646,2018,2018-07-22,"Old Trafford, Manchester",3,15.4,15.4,Yorkshire,Lancashire,JM Bairstow,HC Brook,JM Anderson,4,0,,,,,,,,,,,,,
1127646,2018,2018-07-22,"Old Trafford, Manchester",3,15.5,15.5,Yorkshire,Lancashire,JM Bairstow,HC Brook,JM Anderson,0,0,,,,,,,,,,,,,
1127646,2018,2018-07-22,"Old Trafford, Manchester",3,15.6,15.6,Yorkshire,Lancashire,JM Bairstow,HC Brook,JM Anderson,0,0,,,,,,,,,,,,,
1127646,2018,2018-07-22,"Old Trafford, Manchester",3,16.1,16.1,Yorkshire,Lancashire,HC Brook,JM Bairstow,J Clark,0,0,,,,,,,,,,,,,
1127646,2018,2018-07-22,"Old Trafford, Manchester",3,16.2,16.2,Yorkshire,Lancashire,HC Brook,JM Bairstow,J Clark,4,0,,,,,,,,,,,,,
1127646,2018,2018-07-22,"Old Trafford, Manchester",3,16.3,16.3,Yorkshire,Lancashire,HC Brook,JM Bairstow,J Clark,0,0,,,,,,,,,,,,,
1127646,2018,2018-07-22,"Old Trafford, Manchester",3,16.4,16.4,Yorkshire,Lancashire,HC Brook,JM Bairstow,J Clark,0,0,,,,,,,,,,,,,
1127646,2018,2018-07-22,"Old Trafford, Manchester",3,16.5,16.5,Yorkshire,Lancashire,HC Brook,JM Bairstow,J Clark,0,0,,,,,,,,,,,,,
1127646,2018,2018-07-22,"Old Trafford, Manchester",3,16.6,16.6,Yorkshire,Lancashire,HC Brook,JM Bairstow,J Clark,1,0,,,,,,,,,,,,,
1127646,2018,2018-07-22,"Old Trafford, Manchester",3,17.1,17.1,Yorkshire,Lancashire,HC Brook,JM Bairstow,JM Anderson,0,0,,,,,,,,,,,,,
1127646,2018,2018-07-22,"Old Trafford, Manchester",3,17.2,17.2,Yorkshire,Lancashire,HC Brook,JM Bairstow,JM Anderson,2,0,,,,,,,,,,,,,
1127646,2018,2018-07-22,"Old Trafford, Manchester",3,17.3,17.3,Yorkshire,Lancashire,HC Brook,JM Bairstow,JM Anderson,0,0,,,,,,,,,,,,,
1127646,2018,2018-07-22,"Old Trafford, Manchester",3,17.4,17.4,Yorkshire,Lancashire,HC Brook,JM Bairstow,JM Anderson,4,0,,,,,,,,,,,,,
1127646,2018,2018-07-22,"Old Trafford, Manchester",3,17.5,17.5,Yorkshire,Lancashire,HC Brook,JM Bairstow,JM Anderson,4,0,,,,,,,,,,,,,
1127646,2018,2018-07-22,"Old Trafford, Manchester",3,17.6,17.6,Yorkshire,Lancashire,HC Brook,JM Bairstow,JM Anderson,0,0,,,,,,,,,,,,,
1127646,2018,2018-07-22,"Old Trafford, Manchester",3,18.1,18.1,Yorkshire,Lancashire,JM Bairstow,HC Brook,KK Jennings,3,0,,,,,,,,,,,,,
1127646,2018,2018-07-22,"Old Trafford, Manchester",3,18.2,18.2,Yorkshire,Lancashire,HC Brook,JM Bairstow,KK Jennings,0,1,,,,1,,,,,,,,,
1127646,2018,2018-07-22,"Old Trafford, Manchester",3,18.3,18.3,Yorkshire,Lancashire,JM Bairstow,HC Brook,KK Jennings,4,0,,,,,,,,,,,,,
1127646,2018,2018-07-22,"Old Trafford, Manchester",3,18.4,18.4,Yorkshire,Lancashire,JM Bairstow,HC Brook,KK Jennings,1,0,,,,,,,,,,,,,
1127646,2018,2018-07-22,"Old Trafford, Manchester",3,18.5,18.5,Yorkshire,Lancashire,HC Brook,JM Bairstow,KK Jennings,0,1,,,,1,,,,,,,,,
1127646,2018,2018-07-22,"Old Trafford, Manchester",3,18.6,18.6,Yorkshire,Lancashire,JM Bairstow,HC Brook,KK Jennings,0,0,,,,,,,,,,,,,
1127646,2018,2018-07-22,"Old Trafford, Manchester",3,19.1,19.1,Yorkshire,Lancashire,HC Brook,JM Bairstow,JM Anderson,0,0,,,,,,,,,,,,,
1127646,2018,2018-07-22,"Old Trafford, Manchester",3,19.2,19.2,Yorkshire,Lancashire,HC Brook,JM Bairstow,JM Anderson,1,0,,,,,,,,,,,,,
1127646,2018,2018-07-22,"Old Trafford, Manchester",3,19.3,19.3,Yorkshire,Lancashire,JM Bairstow,HC Brook,JM Anderson,0,0,,,,,,,,,,,,,
1127646,2018,2018-07-22,"Old Trafford, Manchester",3,19.4,19.4,Yorkshire,Lancashire,JM Bairstow,HC Brook,JM Anderson,4,0,,,,,,,,,,,,,
1127646,2018,2018-07-22,"Old Trafford, Manchester",3,19.5,19.5,Yorkshire,Lancashire,JM Bairstow,HC Brook,JM Anderson,0,0,,,,,,,,,,,,,
1127646,2018,2018-07-22,"Old Trafford, Manchester",3,19.6,19.6,Yorkshire,Lancashire,JM Bairstow,HC Brook,JM Anderson,4,0,,,,,,,,,,,,,
1127646,2018,2018-07-22,"Old Trafford, Manchester",3,20.1,20.1,Yorkshire,Lancashire,HC Brook,JM Bairstow,KK Jennings,1,0,,,,,,,,,,,,,
1127646,2018,2018-07-22,"Old Trafford, Manchester",3,20.2,20.2,Yorkshire,Lancashire,JM Bairstow,HC Brook,KK Jennings,2,0,,,,,,,,,,,,,
1127646,2018,2018-07-22,"Old Trafford, Manchester",3,20.3,20.3,Yorkshire,Lancashire,JM Bairstow,HC Brook,KK Jennings,0,2,,,2,,,,,,,,,,
1127646,2018,2018-07-22,"Old Trafford, Manchester",3,20.4,20.4,Yorkshire,Lancashire,JM Bairstow,HC Brook,KK Jennings,0,0,,,,,,,,,,,,,
1127646,2018,2018-07-22,"Old Trafford, Manchester",3,20.5,20.5,Yorkshire,Lancashire,JM Bairstow,HC Brook,KK Jennings,1,0,,,,,,,,,,,,,
1127646,2018,2018-07-22,"Old Trafford, Manchester",3,20.6,20.6,Yorkshire,Lancashire,HC Brook,JM Bairstow,KK Jennings,1,0,,,,,,,,,,,,,
1127646,2018,2018-07-22,"Old Trafford, Manchester",3,21.1,21.1,Yorkshire,Lancashire,HC Brook,JM Bairstow,JM Anderson,0,0,,,,,,,,,,,,,
1127646,2018,2018-07-22,"Old Trafford, Manchester",3,21.2,21.2,Yorkshire,Lancashire,HC Brook,JM Bairstow,JM Anderson,0,0,,,,,,,,,,,,,
1127646,2018,2018-07-22,"Old Trafford, Manchester",3,21.3,21.3,Yorkshire,Lancashire,HC Brook,JM Bairstow,JM Anderson,1,0,,,,,,,,,,,,,
1127646,2018,2018-07-22,"Old Trafford, Manchester",3,21.4,21.4,Yorkshire,Lancashire,JM Bairstow,HC Brook,JM Anderson,1,0,,,,,,,,,,,,,
1127646,2018,2018-07-22,"Old Trafford, Manchester",3,21.5,21.5,Yorkshire,Lancashire,HC Brook,JM Bairstow,JM Anderson,1,0,,,,,,,,,,,,,
1127646,2018,2018-07-22,"Old Trafford, Manchester",3,21.6,21.6,Yorkshire,Lancashire,JM Bairstow,HC Brook,JM Anderson,1,0,,,,,,,,,,,,,
1127646,2018,2018-07-22,"Old Trafford, Manchester",3,22.1,22.1,Yorkshire,Lancashire,JM Bairstow,HC Brook,KK Jennings,4,0,,,,,,,,,,,,,
1127646,2018,2018-07-22,"Old Trafford, Manchester",3,22.2,22.2,Yorkshire,Lancashire,JM Bairstow,HC Brook,KK Jennings,0,4,,,4,,,,,,,,,,
1127646,2018,2018-07-22,"Old Trafford, Manchester",3,22.3,22.3,Yorkshire,Lancashire,JM Bairstow,HC Brook,KK Jennings,0,0,,,,,,,,,,,,,
1127646,2018,2018-07-22,"Old Trafford, Manchester",3,22.4,22.4,Yorkshire,Lancashire,JM Bairstow,HC Brook,KK Jennings,2,0,,,,,,,,,,,,,
1127646,2018,2018-07-22,"Old Trafford, Manchester",3,22.5,22.5,Yorkshire,Lancashire,JM Bairstow,HC Brook,KK Jennings,1,0,,,,,,,,,,,,,
1127646,2018,2018-07-22,"Old Trafford, Manchester",3,22.6,22.6,Yorkshire,Lancashire,HC Brook,JM Bairstow,KK Jennings,0,0,,,,,,,,,,,,,
1127646,2018,2018-07-22,"Old Trafford, Manchester",3,23.1,23.1,Yorkshire,Lancashire,JM Bairstow,HC Brook,TE Bailey,1,0,,,,,,,,,,,,,
1127646,2018,2018-07-22,"Old Trafford, Manchester",3,23.2,23.2,Yorkshire,Lancashire,HC Brook,JM Bairstow,TE Bailey,0,0,,,,,,,,,,,,,
1127646,2018,2018-07-22,"Old Trafford, Manchester",3,23.3,23.3,Yorkshire,Lancashire,HC Brook,JM Bairstow,TE Bailey,1,0,,,,,,,,,,,,,
1127646,2018,2018-07-22,"Old Trafford, Manchester",3,23.4,23.4,Yorkshire,Lancashire,JM Bairstow,HC Brook,TE Bailey,0,0,,,,,,,,,,,,,
1127646,2018,2018-07-22,"Old Trafford, Manchester",3,23.5,23.5,Yorkshire,Lancashire,JM Bairstow,HC Brook,TE Bailey,1,0,,,,,,,,,,,,,
1127646,2018,2018-07-22,"Old Trafford, Manchester",3,23.6,23.6,Yorkshire,Lancashire,HC Brook,JM Bairstow,TE Bailey,0,0,,,,,,,,,,,,,
1127646,2018,2018-07-22,"Old Trafford, Manchester",3,24.1,24.1,Yorkshire,Lancashire,JM Bairstow,HC Brook,G Onions,0,0,,,,,,,,,,,,,
1127646,2018,2018-07-22,"Old Trafford, Manchester",3,24.2,24.2,Yorkshire,Lancashire,JM Bairstow,HC Brook,G Onions,0,0,,,,,,,,,,,,,
1127646,2018,2018-07-22,"Old Trafford, Manchester",3,24.3,24.3,Yorkshire,Lancashire,JM Bairstow,HC Brook,G Onions,4,0,,,,,,,,,,,,,
1127646,2018,2018-07-22,"Old Trafford, Manchester",3,24.4,24.4,Yorkshire,Lancashire,JM Bairstow,HC Brook,G Onions,1,0,,,,,,,,,,,,,
1127646,2018,2018-07-22,"Old Trafford, Manchester",3,24.5,24.5,Yorkshire,Lancashire,HC Brook,JM Bairstow,G Onions,0,0,,,,,,,,,,,,,
1127646,2018,2018-07-22,"Old Trafford, Manchester",3,24.6,24.6,Yorkshire,Lancashire,HC Brook,JM Bairstow,G Onions,1,0,,,,,,,,,,,,,
1127646,2018,2018-07-22,"Old Trafford, Manchester",3,25.1,25.1,Yorkshire,Lancashire,HC Brook,JM Bairstow,TE Bailey,0,0,,,,,,,caught,HC Brook,,,DJ Vilas,,
1127646,2018,2018-07-22,"Old Trafford, Manchester",3,25.2,25.2,Yorkshire,Lancashire,GS Ballance,JM Bairstow,TE Bailey,0,0,,,,,,,,,,,,,
1127646,2018,2018-07-22,"Old Trafford, Manchester",3,25.3,25.3,Yorkshire,Lancashire,GS Ballance,JM Bairstow,TE Bailey,0,0,,,,,,,,,,,,,
1127646,2018,2018-07-22,"Old Trafford, Manchester",3,25.4,25.4,Yorkshire,Lancashire,GS Ballance,JM Bairstow,TE Bailey,0,0,,,,,,,,,,,,,
1127646,2018,2018-07-22,"Old Trafford, Manchester",3,25.5,25.5,Yorkshire,Lancashire,GS Ballance,JM Bairstow,TE Bailey,0,0,,,,,,,,,,,,,
1127646,2018,2018-07-22,"Old Trafford, Manchester",3,25.6,25.6,Yorkshire,Lancashire,GS Ballance,JM Bairstow,TE Bailey,0,0,,,,,,,,,,,,,
1127646,2018,2018-07-22,"Old Trafford, Manchester",3,26.1,26.1,Yorkshire,Lancashire,JM Bairstow,GS Ballance,G Onions,0,0,,,,,,,,,,,,,
1127646,2018,2018-07-22,"Old Trafford, Manchester",3,26.2,26.2,Yorkshire,Lancashire,JM Bairstow,GS Ballance,G Onions,2,0,,,,,,,,,,,,,
1127646,2018,2018-07-22,"Old Trafford, Manchester",3,26.3,26.3,Yorkshire,Lancashire,JM Bairstow,GS Ballance,G Onions,1,0,,,,,,,,,,,,,
1127646,2018,2018-07-22,"Old Trafford, Manchester",3,26.4,26.4,Yorkshire,Lancashire,GS Ballance,JM Bairstow,G Onions,0,0,,,,,,,,,,,,,
1127646,2018,2018-07-22,"Old Trafford, Manchester",3,26.5,26.5,Yorkshire,Lancashire,GS Ballance,JM Bairstow,G Onions,0,0,,,,,,,,,,,,,
1127646,2018,2018-07-22,"Old Trafford, Manchester",3,26.6,26.6,Yorkshire,Lancashire,GS Ballance,JM Bairstow,G Onions,0,0,,,,,,,,,,,,,
1127646,2018,2018-07-22,"Old Trafford, Manchester",3,27.1,27.1,Yorkshire,Lancashire,JM Bairstow,GS Ballance,TE Bailey,1,0,,,,,,,,,,,,,
1127646,2018,2018-07-22,"Old Trafford, Manchester",3,27.2,27.2,Yorkshire,Lancashire,GS Ballance,JM Bairstow,TE Bailey,0,0,,,,,,,,,,,,,
1127646,2018,2018-07-22,"Old Trafford, Manchester",3,27.3,27.3,Yorkshire,Lancashire,GS Ballance,JM Bairstow,TE Bailey,0,0,,,,,,,,,,,,,
1127646,2018,2018-07-22,"Old Trafford, Manchester",3,27.4,27.4,Yorkshire,Lancashire,GS Ballance,JM Bairstow,TE Bailey,0,0,,,,,,,,,,,,,
1127646,2018,2018-07-22,"Old Trafford, Manchester",3,27.5,27.5,Yorkshire,Lancashire,GS Ballance,JM Bairstow,TE Bailey,0,0,,,,,,,,,,,,,
1127646,2018,2018-07-22,"Old Trafford, Manchester",3,27.6,27.6,Yorkshire,Lancashire,GS Ballance,JM Bairstow,TE Bailey,0,0,,,,,,,,,,,,,
1127646,2018,2018-07-22,"Old Trafford, Manchester",3,28.1,28.1,Yorkshire,Lancashire,JM Bairstow,GS Ballance,G Onions,1,0,,,,,,,,,,,,,
1127646,2018,2018-07-22,"Old Trafford, Manchester",3,28.2,28.2,Yorkshire,Lancashire,GS Ballance,JM Bairstow,G Onions,0,0,,,,,,,,,,,,,
1127646,2018,2018-07-22,"Old Trafford, Manchester",3,28.3,28.3,Yorkshire,Lancashire,GS Ballance,JM Bairstow,G Onions,0,0,,,,,,,,,,,,,
1127646,2018,2018-07-22,"Old Trafford, Manchester",3,28.4,28.4,Yorkshire,Lancashire,GS Ballance,JM Bairstow,G Onions,0,0,,,,,,,,,,,,,
1127646,2018,2018-07-22,"Old Trafford, Manchester",3,28.5,28.5,Yorkshire,Lancashire,GS Ballance,JM Bairstow,G Onions,1,0,,,,,,,,,,,,,
1127646,2018,2018-07-22,"Old Trafford, Manchester",3,28.6,28.6,Yorkshire,Lancashire,JM Bairstow,GS Ballance,G Onions,0,0,,,,,,,caught,JM Bairstow,,,JC Buttler,,
1127646,2018,2018-07-22,"Old Trafford, Manchester",3,29.1,29.1,Yorkshire,Lancashire,GS Ballance,TT Bresnan,TE Bailey,0,0,,,,,,,,,,,,,
1127646,2018,2018-07-22,"Old Trafford, Manchester",3,29.2,29.2,Yorkshire,Lancashire,GS Ballance,TT Bresnan,TE Bailey,0,0,,,,,,,,,,,,,
1127646,2018,2018-07-22,"Old Trafford, Manchester",3,29.3,29.3,Yorkshire,Lancashire,GS Ballance,TT Bresnan,TE Bailey,0,0,,,,,,,,,,,,,
1127646,2018,2018-07-22,"Old Trafford, Manchester",3,29.4,29.4,Yorkshire,Lancashire,GS Ballance,TT Bresnan,TE Bailey,2,0,,,,,,,,,,,,,
1127646,2018,2018-07-22,"Old Trafford, Manchester",3,29.5,29.5,Yorkshire,Lancashire,GS Ballance,TT Bresnan,TE Bailey,0,0,,,,,,,,,,,,,
1127646,2018,2018-07-22,"Old Trafford, Manchester",3,29.6,29.6,Yorkshire,Lancashire,GS Ballance,TT Bresnan,TE Bailey,1,0,,,,,,,,,,,,,
1127646,2018,2018-07-22,"Old Trafford, Manchester",3,30.1,30.1,Yorkshire,Lancashire,GS Ballance,TT Bresnan,G Onions,1,0,,,,,,,,,,,,,
1127646,2018,2018-07-22,"Old Trafford, Manchester",3,30.2,30.2,Yorkshire,Lancashire,TT Bresnan,GS Ballance,G Onions,0,0,,,,,,,,,,,,,
1127646,2018,2018-07-22,"Old Trafford, Manchester",3,30.3,30.3,Yorkshire,Lancashire,TT Bresnan,GS Ballance,G Onions,0,0,,,,,,,,,,,,,
1127646,2018,2018-07-22,"Old Trafford, Manchester",3,30.4,30.4,Yorkshire,Lancashire,TT Bresnan,GS Ballance,G Onions,0,0,,,,,,,,,,,,,
1127646,2018,2018-07-22,"Old Trafford, Manchester",3,30.5,30.5,Yorkshire,Lancashire,TT Bresnan,GS Ballance,G Onions,2,0,,,,,,,,,,,,,
1127646,2018,2018-07-22,"Old Trafford, Manchester",3,30.6,30.6,Yorkshire,Lancashire,TT Bresnan,GS Ballance,G Onions,0,0,,,,,,,,,,,,,
1127646,2018,2018-07-22,"Old Trafford, Manchester",3,31.1,31.1,Yorkshire,Lancashire,GS Ballance,TT Bresnan,TE Bailey,4,0,,,,,,,,,,,,,
1127646,2018,2018-07-22,"Old Trafford, Manchester",3,31.2,31.2,Yorkshire,Lancashire,GS Ballance,TT Bresnan,TE Bailey,0,0,,,,,,,,,,,,,
1127646,2018,2018-07-22,"Old Trafford, Manchester",3,31.3,31.3,Yorkshire,Lancashire,GS Ballance,TT Bresnan,TE Bailey,0,0,,,,,,,caught,GS Ballance,,,DJ Vilas,,
1127646,2018,2018-07-22,"Old Trafford, Manchester",3,31.4,31.4,Yorkshire,Lancashire,SA Patterson,TT Bresnan,TE Bailey,0,0,,,,,,,,,,,,,
1127646,2018,2018-07-22,"Old Trafford, Manchester",3,31.5,31.5,Yorkshire,Lancashire,SA Patterson,TT Bresnan,TE Bailey,0,0,,,,,,,,,,,,,
1127646,2018,2018-07-22,"Old Trafford, Manchester",3,31.6,31.6,Yorkshire,Lancashire,SA Patterson,TT Bresnan,TE Bailey,0,0,,,,,,,,,,,,,
1127646,2018,2018-07-22,"Old Trafford, Manchester",3,32.1,32.1,Yorkshire,Lancashire,TT Bresnan,SA Patterson,G Onions,0,0,,,,,,,,,,,,,
1127646,2018,2018-07-22,"Old Trafford, Manchester",3,32.2,32.2,Yorkshire,Lancashire,TT Bresnan,SA Patterson,G Onions,0,0,,,,,,,,,,,,,
1127646,2018,2018-07-22,"Old Trafford, Manchester",3,32.3,32.3,Yorkshire,Lancashire,TT Bresnan,SA Patterson,G Onions,0,0,,,,,,,,,,,,,
1127646,2018,2018-07-22,"Old Trafford, Manchester",3,32.4,32.4,Yorkshire,Lancashire,TT Bresnan,SA Patterson,G Onions,0,0,,,,,,,,,,,,,
1127646,2018,2018-07-22,"Old Trafford, Manchester",3,32.5,32.5,Yorkshire,Lancashire,TT Bresnan,SA Patterson,G Onions,1,0,,,,,,,,,,,,,
1127646,2018,2018-07-22,"Old Trafford, Manchester",3,32.6,32.6,Yorkshire,Lancashire,SA Patterson,TT Bresnan,G Onions,0,0,,,,,,,,,,,,,
1127646,2018,2018-07-22,"Old Trafford, Manchester",3,33.1,33.1,Yorkshire,Lancashire,TT Bresnan,SA Patterson,TE Bailey,4,0,,,,,,,,,,,,,
1127646,2018,2018-07-22,"Old Trafford, Manchester",3,33.2,33.2,Yorkshire,Lancashire,TT Bresnan,SA Patterson,TE Bailey,0,0,,,,,,,,,,,,,
1127646,2018,2018-07-22,"Old Trafford, Manchester",3,33.3,33.3,Yorkshire,Lancashire,TT Bresnan,SA Patterson,TE Bailey,1,0,,,,,,,,,,,,,
1127646,2018,2018-07-22,"Old Trafford, Manchester",3,33.4,33.4,Yorkshire,Lancashire,SA Patterson,TT Bresnan,TE Bailey,3,0,,,,,,,,,,,,,
1127646,2018,2018-07-22,"Old Trafford, Manchester",3,33.5,33.5,Yorkshire,Lancashire,TT Bresnan,SA Patterson,TE Bailey,1,0,,,,,,,,,,,,,
1127646,2018,2018-07-22,"Old Trafford, Manchester",3,33.6,33.6,Yorkshire,Lancashire,SA Patterson,TT Bresnan,TE Bailey,0,0,,,,,,,,,,,,,
1127646,2018,2018-07-22,"Old Trafford, Manchester",3,34.1,34.1,Yorkshire,Lancashire,TT Bresnan,SA Patterson,G Onions,1,0,,,,,,,,,,,,,
1127646,2018,2018-07-22,"Old Trafford, Manchester",3,34.2,34.2,Yorkshire,Lancashire,SA Patterson,TT Bresnan,G Onions,0,0,,,,,,,,,,,,,
1127646,2018,2018-07-22,"Old Trafford, Manchester",3,34.3,34.3,Yorkshire,Lancashire,SA Patterson,TT Bresnan,G Onions,0,0,,,,,,,,,,,,,
1127646,2018,2018-07-22,"Old Trafford, Manchester",3,34.4,34.4,Yorkshire,Lancashire,SA Patterson,TT Bresnan,G Onions,0,0,,,,,,,,,,,,,
1127646,2018,2018-07-22,"Old Trafford, Manchester",3,34.5,34.5,Yorkshire,Lancashire,SA Patterson,TT Bresnan,G Onions,0,0,,,,,,,,,,,,,
1127646,2018,2018-07-22,"Old Trafford, Manchester",3,34.6,34.6,Yorkshire,Lancashire,SA Patterson,TT Bresnan,G Onions,1,0,,,,,,,,,,,,,
1127646,2018,2018-07-22,"Old Trafford, Manchester",3,35.1,35.1,Yorkshire,Lancashire,SA Patterson,TT Bresnan,TE Bailey,0,0,,,,,,,,,,,,,
1127646,2018,2018-07-22,"Old Trafford, Manchester",3,35.2,35.2,Yorkshire,Lancashire,SA Patterson,TT Bresnan,TE Bailey,0,0,,,,,,,,,,,,,
1127646,2018,2018-07-22,"Old Trafford, Manchester",3,35.3,35.3,Yorkshire,Lancashire,SA Patterson,TT Bresnan,TE Bailey,0,0,,,,,,,,,,,,,
1127646,2018,2018-07-22,"Old Trafford, Manchester",3,35.4,35.4,Yorkshire,Lancashire,SA Patterson,TT Bresnan,TE Bailey,2,0,,,,,,,,,,,,,
1127646,2018,2018-07-22,"Old Trafford, Manchester",3,35.5,35.5,Yorkshire,Lancashire,SA Patterson,TT Bresnan,TE Bailey,4,0,,,,,,,,,,,,,
1127646,2018,2018-07-22,"Old Trafford, Manchester",3,35.6,35.6,Yorkshire,Lancashire,SA Patterson,TT Bresnan,TE Bailey,0,0,,,,,,,,,,,,,
1127646,2018,2018-07-22,"Old Trafford, Manchester",3,36.1,36.1,Yorkshire,Lancashire,TT Bresnan,SA Patterson,MW Parkinson,0,0,,,,,,,,,,,,,
1127646,2018,2018-07-22,"Old Trafford, Manchester",3,36.2,36.2,Yorkshire,Lancashire,TT Bresnan,SA Patterson,MW Parkinson,0,0,,,,,,,,,,,,,
1127646,2018,2018-07-22,"Old Trafford, Manchester",3,36.3,36.3,Yorkshire,Lancashire,TT Bresnan,SA Patterson,MW Parkinson,0,0,,,,,,,,,,,,,
1127646,2018,2018-07-22,"Old Trafford, Manchester",3,36.4,36.4,Yorkshire,Lancashire,TT Bresnan,SA Patterson,MW Parkinson,2,0,,,,,,,,,,,,,
1127646,2018,2018-07-22,"Old Trafford, Manchester",3,36.5,36.5,Yorkshire,Lancashire,TT Bresnan,SA Patterson,MW Parkinson,0,0,,,,,,,,,,,,,
1127646,2018,2018-07-22,"Old Trafford, Manchester",3,36.6,36.6,Yorkshire,Lancashire,TT Bresnan,SA Patterson,MW Parkinson,0,0,,,,,,,,,,,,,
1127646,2018,2018-07-22,"Old Trafford, Manchester",3,37.1,37.1,Yorkshire,Lancashire,SA Patterson,TT Bresnan,J Clark,0,0,,,,,,,,,,,,,
1127646,2018,2018-07-22,"Old Trafford, Manchester",3,37.2,37.2,Yorkshire,Lancashire,SA Patterson,TT Bresnan,J Clark,1,0,,,,,,,,,,,,,
1127646,2018,2018-07-22,"Old Trafford, Manchester",3,37.3,37.3,Yorkshire,Lancashire,TT Bresnan,SA Patterson,J Clark,0,0,,,,,,,,,,,,,
1127646,2018,2018-07-22,"Old Trafford, Manchester",3,37.4,37.4,Yorkshire,Lancashire,TT Bresnan,SA Patterson,J Clark,0,0,,,,,,,,,,,,,
1127646,2018,2018-07-22,"Old Trafford, Manchester",3,37.5,37.5,Yorkshire,Lancashire,TT Bresnan,SA Patterson,J Clark,0,0,,,,,,,,,,,,,
1127646,2018,2018-07-22,"Old Trafford, Manchester",3,37.6,37.6,Yorkshire,Lancashire,TT Bresnan,SA Patterson,J Clark,0,0,,,,,,,,,,,,,
1127646,2018,2018-07-22,"Old Trafford, Manchester",3,38.1,38.1,Yorkshire,Lancashire,SA Patterson,TT Bresnan,MW Parkinson,0,0,,,,,,,,,,,,,
1127646,2018,2018-07-22,"Old Trafford, Manchester",3,38.2,38.2,Yorkshire,Lancashire,SA Patterson,TT Bresnan,MW Parkinson,1,0,,,,,,,,,,,,,
1127646,2018,2018-07-22,"Old Trafford, Manchester",3,38.3,38.3,Yorkshire,Lancashire,TT Bresnan,SA Patterson,MW Parkinson,0,0,,,,,,,,,,,,,
1127646,2018,2018-07-22,"Old Trafford, Manchester",3,38.4,38.4,Yorkshire,Lancashire,TT Bresnan,SA Patterson,MW Parkinson,0,0,,,,,,,,,,,,,
1127646,2018,2018-07-22,"Old Trafford, Manchester",3,38.5,38.5,Yorkshire,Lancashire,TT Bresnan,SA Patterson,MW Parkinson,0,0,,,,,,,,,,,,,
1127646,2018,2018-07-22,"Old Trafford, Manchester",3,38.6,38.6,Yorkshire,Lancashire,TT Bresnan,SA Patterson,MW Parkinson,0,0,,,,,,,,,,,,,
1127646,2018,2018-07-22,"Old Trafford, Manchester",3,39.1,39.1,Yorkshire,Lancashire,SA Patterson,TT Bresnan,J Clark,1,0,,,,,,,,,,,,,
1127646,2018,2018-07-22,"Old Trafford, Manchester",3,39.2,39.2,Yorkshire,Lancashire,TT Bresnan,SA Patterson,J Clark,2,0,,,,,,,,,,,,,
1127646,2018,2018-07-22,"Old Trafford, Manchester",3,39.3,39.3,Yorkshire,Lancashire,TT Bresnan,SA Patterson,J Clark,0,0,,,,,,,,,,,,,
1127646,2018,2018-07-22,"Old Trafford, Manchester",3,39.4,39.4,Yorkshire,Lancashire,TT Bresnan,SA Patterson,J Clark,0,0,,,,,,,,,,,,,
1127646,2018,2018-07-22,"Old Trafford, Manchester",3,39.5,39.5,Yorkshire,Lancashire,TT Bresnan,SA Patterson,J Clark,1,0,,,,,,,,,,,,,
1127646,2018,2018-07-22,"Old Trafford, Manchester",3,39.6,39.6,Yorkshire,Lancashire,SA Patterson,TT Bresnan,J Clark,1,0,,,,,,,,,,,,,
1127646,2018,2018-07-22,"Old Trafford, Manchester",3,40.1,40.1,Yorkshire,Lancashire,SA Patterson,TT Bresnan,MW Parkinson,4,0,,,,,,,,,,,,,
1127646,2018,2018-07-22,"Old Trafford, Manchester",3,40.2,40.2,Yorkshire,Lancashire,SA Patterson,TT Bresnan,MW Parkinson,3,0,,,,,,,,,,,,,
1127646,2018,2018-07-22,"Old Trafford, Manchester",3,40.3,40.3,Yorkshire,Lancashire,TT Bresnan,SA Patterson,MW Parkinson,0,0,,,,,,,,,,,,,
1127646,2018,2018-07-22,"Old Trafford, Manchester",3,40.4,40.4,Yorkshire,Lancashire,TT Bresnan,SA Patterson,MW Parkinson,0,0,,,,,,,,,,,,,
1127646,2018,2018-07-22,"Old Trafford, Manchester",3,40.5,40.5,Yorkshire,Lancashire,TT Bresnan,SA Patterson,MW Parkinson,0,0,,,,,,,,,,,,,
1127646,2018,2018-07-22,"Old Trafford, Manchester",3,40.6,40.6,Yorkshire,Lancashire,TT Bresnan,SA Patterson,MW Parkinson,0,0,,,,,,,,,,,,,
1127646,2018,2018-07-22,"Old Trafford, Manchester",3,41.1,41.1,Yorkshire,Lancashire,SA Patterson,TT Bresnan,J Clark,1,0,,,,,,,,,,,,,
1127646,2018,2018-07-22,"Old Trafford, Manchester",3,41.2,41.2,Yorkshire,Lancashire,TT Bresnan,SA Patterson,J Clark,2,0,,,,,,,,,,,,,
1127646,2018,2018-07-22,"Old Trafford, Manchester",3,41.3,41.3,Yorkshire,Lancashire,TT Bresnan,SA Patterson,J Clark,1,0,,,,,,,,,,,,,
1127646,2018,2018-07-22,"Old Trafford, Manchester",3,41.4,41.4,Yorkshire,Lancashire,SA Patterson,TT Bresnan,J Clark,2,0,,,,,,,,,,,,,
1127646,2018,2018-07-22,"Old Trafford, Manchester",3,41.5,41.5,Yorkshire,Lancashire,SA Patterson,TT Bresnan,J Clark,1,0,,,,,,,,,,,,,
1127646,2018,2018-07-22,"Old Trafford, Manchester",3,41.6,41.6,Yorkshire,Lancashire,TT Bresnan,SA Patterson,J Clark,0,0,,,,,,,bowled,TT Bresnan,,,,,
1127646,2018,2018-07-22,"Old Trafford, Manchester",3,42.1,42.1,Yorkshire,Lancashire,SA Patterson,JA Brooks,MW Parkinson,0,0,,,,,,,,,,,,,
1127646,2018,2018-07-22,"Old Trafford, Manchester",3,42.2,42.2,Yorkshire,Lancashire,SA Patterson,JA Brooks,MW Parkinson,4,0,,,,,,,,,,,,,
1127646,2018,2018-07-22,"Old Trafford, Manchester",3,42.3,42.3,Yorkshire,Lancashire,SA Patterson,JA Brooks,MW Parkinson,0,0,,,,,,,,,,,,,
1127646,2018,2018-07-22,"Old Trafford, Manchester",3,42.4,42.4,Yorkshire,Lancashire,SA Patterson,JA Brooks,MW Parkinson,0,0,,,,,,,,,,,,,
1127646,2018,2018-07-22,"Old Trafford, Manchester",3,42.5,42.5,Yorkshire,Lancashire,SA Patterson,JA Brooks,MW Parkinson,0,0,,,,,,,,,,,,,
1127646,2018,2018-07-22,"Old Trafford, Manchester",3,42.6,42.6,Yorkshire,Lancashire,SA Patterson,JA Brooks,MW Parkinson,0,0,,,,,,,,,,,,,
1127646,2018,2018-07-22,"Old Trafford, Manchester",3,43.1,43.1,Yorkshire,Lancashire,JA Brooks,SA Patterson,J Clark,0,0,,,,,,,,,,,,,
1127646,2018,2018-07-22,"Old Trafford, Manchester",3,43.2,43.2,Yorkshire,Lancashire,JA Brooks,SA Patterson,J Clark,0,0,,,,,,,,,,,,,
1127646,2018,2018-07-22,"Old Trafford, Manchester",3,43.3,43.3,Yorkshire,Lancashire,JA Brooks,SA Patterson,J Clark,4,0,,,,,,,,,,,,,
1127646,2018,2018-07-22,"Old Trafford, Manchester",3,43.4,43.4,Yorkshire,Lancashire,JA Brooks,SA Patterson,J Clark,1,0,,,,,,,,,,,,,
1127646,2018,2018-07-22,"Old Trafford, Manchester",3,43.5,43.5,Yorkshire,Lancashire,SA Patterson,JA Brooks,J Clark,1,0,,,,,,,,,,,,,
1127646,2018,2018-07-22,"Old Trafford, Manchester",3,43.6,43.6,Yorkshire,Lancashire,JA Brooks,SA Patterson,J Clark,0,0,,,,,,,,,,,,,
1127646,2018,2018-07-22,"Old Trafford, Manchester",3,44.1,44.1,Yorkshire,Lancashire,SA Patterson,JA Brooks,MW Parkinson,4,0,,,,,,,,,,,,,
1127646,2018,2018-07-22,"Old Trafford, Manchester",3,44.2,44.2,Yorkshire,Lancashire,SA Patterson,JA Brooks,MW Parkinson,0,0,,,,,,,,,,,,,
1127646,2018,2018-07-22,"Old Trafford, Manchester",3,44.3,44.3,Yorkshire,Lancashire,SA Patterson,JA Brooks,MW Parkinson,0,0,,,,,,,,,,,,,
1127646,2018,2018-07-22,"Old Trafford, Manchester",3,44.4,44.4,Yorkshire,Lancashire,SA Patterson,JA Brooks,MW Parkinson,0,0,,,,,,,,,,,,,
1127646,2018,2018-07-22,"Old Trafford, Manchester",3,44.5,44.5,Yorkshire,Lancashire,SA Patterson,JA Brooks,MW Parkinson,0,0,,,,,,,,,,,,,
1127646,2018,2018-07-22,"Old Trafford, Manchester",3,44.6,44.6,Yorkshire,Lancashire,SA Patterson,JA Brooks,MW Parkinson,1,0,,,,,,,,,,,,,
1127646,2018,2018-07-22,"Old Trafford, Manchester",3,45.1,45.1,Yorkshire,Lancashire,SA Patterson,JA Brooks,J Clark,0,0,,,,,,,,,,,,,
1127646,2018,2018-07-22,"Old Trafford, Manchester",3,45.2,45.2,Yorkshire,Lancashire,SA Patterson,JA Brooks,J Clark,0,0,,,,,,,,,,,,,
1127646,2018,2018-07-22,"Old Trafford, Manchester",3,45.3,45.3,Yorkshire,Lancashire,SA Patterson,JA Brooks,J Clark,0,0,,,,,,,,,,,,,
1127646,2018,2018-07-22,"Old Trafford, Manchester",3,45.4,45.4,Yorkshire,Lancashire,SA Patterson,JA Brooks,J Clark,0,0,,,,,,,,,,,,,
1127646,2018,2018-07-22,"Old Trafford, Manchester",3,45.5,45.5,Yorkshire,Lancashire,SA Patterson,JA Brooks,J Clark,0,0,,,,,,,,,,,,,
1127646,2018,2018-07-22,"Old Trafford, Manchester",3,45.6,45.6,Yorkshire,Lancashire,SA Patterson,JA Brooks,J Clark,4,0,,,,,,,,,,,,,
1127646,2018,2018-07-22,"Old Trafford, Manchester",3,46.1,46.1,Yorkshire,Lancashire,JA Brooks,SA Patterson,MW Parkinson,0,0,,,,,,,,,,,,,
1127646,2018,2018-07-22,"Old Trafford, Manchester",3,46.2,46.2,Yorkshire,Lancashire,JA Brooks,SA Patterson,MW Parkinson,0,0,,,,,,,stumped,JA Brooks,,,DJ Vilas,,
1127646,2018,2018-07-22,"Old Trafford, Manchester",3,46.3,46.3,Yorkshire,Lancashire,JE Poysden,SA Patterson,MW Parkinson,0,0,,,,,,,,,,,,,
1127646,2018,2018-07-22,"Old Trafford, Manchester",3,46.4,46.4,Yorkshire,Lancashire,JE Poysden,SA Patterson,MW Parkinson,0,0,,,,,,,,,,,,,
1127646,2018,2018-07-22,"Old Trafford, Manchester",3,46.5,46.5,Yorkshire,Lancashire,JE Poysden,SA Patterson,MW Parkinson,0,0,,,,,,,,,,,,,
1127646,2018,2018-07-22,"Old Trafford, Manchester",3,46.6,46.6,Yorkshire,Lancashire,JE Poysden,SA Patterson,MW Parkinson,0,0,,,,,,,,,,,,,
1127646,2018,2018-07-22,"Old Trafford, Manchester",3,47.1,47.1,Yorkshire,Lancashire,SA Patterson,JE Poysden,J Clark,0,2,,2,,,,,,,,,,,
1127646,2018,2018-07-22,"Old Trafford, Manchester",3,47.2,47.1,Yorkshire,Lancashire,SA Patterson,JE Poysden,J Clark,0,0,,,,,,,,,,,,,
1127646,2018,2018-07-22,"Old Trafford, Manchester",3,47.3,47.2,Yorkshire,Lancashire,SA Patterson,JE Poysden,J Clark,0,0,,,,,,,,,,,,,
1127646,2018,2018-07-22,"Old Trafford, Manchester",3,47.4,47.3,Yorkshire,Lancashire,SA Patterson,JE Poysden,J Clark,0,0,,,,,,,,,,,,,
1127646,2018,2018-07-22,"Old Trafford, Manchester",3,47.5,47.4,Yorkshire,Lancashire,SA Patterson,JE Poysden,J Clark,0,0,,,,,,,,,,,,,
1127646,2018,2018-07-22,"Old Trafford, Manchester",3,47.6,47.5,Yorkshire,Lancashire,SA Patterson,JE Poysden,J Clark,0,0,,,,,,,,,,,,,
1127646,2018,2018-07-22,"Old Trafford, Manchester",3,47.7,47.6,Yorkshire,Lancashire,SA Patterson,JE Poysden,J Clark,1,0,,,,,,,,,,,,,
1127646,2018,2018-07-22,"Old Trafford, Manchester",3,48.1,48.1,Yorkshire,Lancashire,SA Patterson,JE Poysden,MW Parkinson,0,0,,,,,,,,,,,,,
1127646,2018,2018-07-22,"Old Trafford, Manchester",3,48.2,48.2,Yorkshire,Lancashire,SA Patterson,JE Poysden,MW Parkinson,0,0,,,,,,,,,,,,,
1127646,2018,2018-07-22,"Old Trafford, Manchester",3,48.3,48.3,Yorkshire,Lancashire,SA Patterson,JE Poysden,MW Parkinson,0,0,,,,,,,,,,,,,
1127646,2018,2018-07-22,"Old Trafford, Manchester",3,48.4,48.4,Yorkshire,Lancashire,SA Patterson,JE Poysden,MW Parkinson,4,0,,,,,,,,,,,,,
1127646,2018,2018-07-22,"Old Trafford, Manchester",3,48.5,48.5,Yorkshire,Lancashire,SA Patterson,JE Poysden,MW Parkinson,0,0,,,,,,,,,,,,,
1127646,2018,2018-07-22,"Old Trafford, Manchester",3,48.6,48.6,Yorkshire,Lancashire,SA Patterson,JE Poysden,MW Parkinson,0,0,,,,,,,,,,,,,
1127646,2018,2018-07-22,"Old Trafford, Manchester",3,49.1,49.1,Yorkshire,Lancashire,JE Poysden,SA Patterson,J Clark,0,0,,,,,,,,,,,,,
1127646,2018,2018-07-22,"Old Trafford, Manchester",3,49.2,49.2,Yorkshire,Lancashire,JE Poysden,SA Patterson,J Clark,0,0,,,,,,,,,,,,,
1127646,2018,2018-07-22,"Old Trafford, Manchester",3,49.3,49.3,Yorkshire,Lancashire,JE Poysden,SA Patterson,J Clark,0,0,,,,,,,,,,,,,
1127646,2018,2018-07-22,"Old Trafford, Manchester",3,49.4,49.4,Yorkshire,Lancashire,JE Poysden,SA Patterson,J Clark,0,0,,,,,,,,,,,,,
1127646,2018,2018-07-22,"Old Trafford, Manchester",3,49.5,49.5,Yorkshire,Lancashire,JE Poysden,SA Patterson,J Clark,0,0,,,,,,,,,,,,,
1127646,2018,2018-07-22,"Old Trafford, Manchester",3,49.6,49.6,Yorkshire,Lancashire,JE Poysden,SA Patterson,J Clark,1,0,,,,,,,,,,,,,
1127646,2018,2018-07-22,"Old Trafford, Manchester",3,50.1,50.1,Yorkshire,Lancashire,JE Poysden,SA Patterson,MW Parkinson,0,0,,,,,,,caught,JE Poysden,,,H Hameed,,
1127646,2018,2018-07-22,"Old Trafford, Manchester",3,50.2,50.2,Yorkshire,Lancashire,BO Coad,SA Patterson,MW Parkinson,0,0,,,,,,,,,,,,,
1127646,2018,2018-07-22,"Old Trafford, Manchester",3,50.3,50.3,Yorkshire,Lancashire,BO Coad,SA Patterson,MW Parkinson,0,0,,,,,,,,,,,,,
1127646,2018,2018-07-22,"Old Trafford, Manchester",3,50.4,50.4,Yorkshire,Lancashire,BO Coad,SA Patterson,MW Parkinson,0,0,,,,,,,,,,,,,
1127646,2018,2018-07-22,"Old Trafford, Manchester",3,50.5,50.5,Yorkshire,Lancashire,BO Coad,SA Patterson,MW Parkinson,0,0,,,,,,,,,,,,,
1127646,2018,2018-07-22,"Old Trafford, Manchester",3,50.6,50.6,Yorkshire,Lancashire,BO Coad,SA Patterson,MW Parkinson,0,0,,,,,,,,,,,,,
1127646,2018,2018-07-22,"Old Trafford, Manchester",3,51.1,51.1,Yorkshire,Lancashire,SA Patterson,BO Coad,J Clark,0,0,,,,,,,,,,,,,
1127646,2018,2018-07-22,"Old Trafford, Manchester",3,51.2,51.2,Yorkshire,Lancashire,SA Patterson,BO Coad,J Clark,1,0,,,,,,,,,,,,,
1127646,2018,2018-07-22,"Old Trafford, Manchester",3,51.3,51.3,Yorkshire,Lancashire,BO Coad,SA Patterson,J Clark,0,0,,,,,,,bowled,BO Coad,,,,,
1127646,2018,2018-07-22,"Old Trafford, Manchester",4,0.1,0.1,Lancashire,Yorkshire,KK Jennings,AL Davies,BO Coad,2,0,,,,,,,,,,,,,
1127646,2018,2018-07-22,"Old Trafford, Manchester",4,0.2,0.2,Lancashire,Yorkshire,KK Jennings,AL Davies,BO Coad,0,0,,,,,,,,,,,,,
1127646,2018,2018-07-22,"Old Trafford, Manchester",4,0.3,0.3,Lancashire,Yorkshire,KK Jennings,AL Davies,BO Coad,0,0,,,,,,,,,,,,,
1127646,2018,2018-07-22,"Old Trafford, Manchester",4,0.4,0.4,Lancashire,Yorkshire,KK Jennings,AL Davies,BO Coad,0,0,,,,,,,,,,,,,
1127646,2018,2018-07-22,"Old Trafford, Manchester",4,0.5,0.5,Lancashire,Yorkshire,KK Jennings,AL Davies,BO Coad,0,0,,,,,,,,,,,,,
1127646,2018,2018-07-22,"Old Trafford, Manchester",4,0.6,0.6,Lancashire,Yorkshire,KK Jennings,AL Davies,BO Coad,0,0,,,,,,,,,,,,,
1127646,2018,2018-07-22,"Old Trafford, Manchester",4,1.1,1.1,Lancashire,Yorkshire,AL Davies,KK Jennings,JA Brooks,0,0,,,,,,,,,,,,,
1127646,2018,2018-07-22,"Old Trafford, Manchester",4,1.2,1.2,Lancashire,Yorkshire,AL Davies,KK Jennings,JA Brooks,0,0,,,,,,,,,,,,,
1127646,2018,2018-07-22,"Old Trafford, Manchester",4,1.3,1.3,Lancashire,Yorkshire,AL Davies,KK Jennings,JA Brooks,0,0,,,,,,,,,,,,,
1127646,2018,2018-07-22,"Old Trafford, Manchester",4,1.4,1.4,Lancashire,Yorkshire,AL Davies,KK Jennings,JA Brooks,4,0,,,,,,,,,,,,,
1127646,2018,2018-07-22,"Old Trafford, Manchester",4,1.5,1.5,Lancashire,Yorkshire,AL Davies,KK Jennings,JA Brooks,1,0,,,,,,,,,,,,,
1127646,2018,2018-07-22,"Old Trafford, Manchester",4,1.6,1.6,Lancashire,Yorkshire,KK Jennings,AL Davies,JA Brooks,0,0,,,,,,,,,,,,,
1127646,2018,2018-07-22,"Old Trafford, Manchester",4,2.1,2.1,Lancashire,Yorkshire,AL Davies,KK Jennings,BO Coad,0,0,,,,,,,,,,,,,
1127646,2018,2018-07-22,"Old Trafford, Manchester",4,2.2,2.2,Lancashire,Yorkshire,AL Davies,KK Jennings,BO Coad,1,0,,,,,,,,,,,,,
1127646,2018,2018-07-22,"Old Trafford, Manchester",4,2.3,2.3,Lancashire,Yorkshire,KK Jennings,AL Davies,BO Coad,0,0,,,,,,,,,,,,,
1127646,2018,2018-07-22,"Old Trafford, Manchester",4,2.4,2.4,Lancashire,Yorkshire,KK Jennings,AL Davies,BO Coad,0,0,,,,,,,,,,,,,
1127646,2018,2018-07-22,"Old Trafford, Manchester",4,2.5,2.5,Lancashire,Yorkshire,KK Jennings,AL Davies,BO Coad,0,0,,,,,,,,,,,,,
1127646,2018,2018-07-22,"Old Trafford, Manchester",4,2.6,2.6,Lancashire,Yorkshire,KK Jennings,AL Davies,BO Coad,0,0,,,,,,,,,,,,,
1127646,2018,2018-07-22,"Old Trafford, Manchester",4,3.1,3.1,Lancashire,Yorkshire,AL Davies,KK Jennings,JA Brooks,0,0,,,,,,,,,,,,,
1127646,2018,2018-07-22,"Old Trafford, Manchester",4,3.2,3.2,Lancashire,Yorkshire,AL Davies,KK Jennings,JA Brooks,0,0,,,,,,,,,,,,,
1127646,2018,2018-07-22,"Old Trafford, Manchester",4,3.3,3.3,Lancashire,Yorkshire,AL Davies,KK Jennings,JA Brooks,0,0,,,,,,,,,,,,,
1127646,2018,2018-07-22,"Old Trafford, Manchester",4,3.4,3.4,Lancashire,Yorkshire,AL Davies,KK Jennings,JA Brooks,0,0,,,,,,,,,,,,,
1127646,2018,2018-07-22,"Old Trafford, Manchester",4,3.5,3.5,Lancashire,Yorkshire,AL Davies,KK Jennings,JA Brooks,0,0,,,,,,,,,,,,,
1127646,2018,2018-07-22,"Old Trafford, Manchester",4,3.6,3.6,Lancashire,Yorkshire,AL Davies,KK Jennings,JA Brooks,2,0,,,,,,,,,,,,,
1127646,2018,2018-07-22,"Old Trafford, Manchester",4,4.1,4.1,Lancashire,Yorkshire,KK Jennings,AL Davies,BO Coad,0,0,,,,,,,,,,,,,
1127646,2018,2018-07-22,"Old Trafford, Manchester",4,4.2,4.2,Lancashire,Yorkshire,KK Jennings,AL Davies,BO Coad,0,0,,,,,,,,,,,,,
1127646,2018,2018-07-22,"Old Trafford, Manchester",4,4.3,4.3,Lancashire,Yorkshire,KK Jennings,AL Davies,BO Coad,0,0,,,,,,,,,,,,,
1127646,2018,2018-07-22,"Old Trafford, Manchester",4,4.4,4.4,Lancashire,Yorkshire,KK Jennings,AL Davies,BO Coad,0,0,,,,,,,,,,,,,
1127646,2018,2018-07-22,"Old Trafford, Manchester",4,4.5,4.5,Lancashire,Yorkshire,KK Jennings,AL Davies,BO Coad,0,0,,,,,,,,,,,,,
1127646,2018,2018-07-22,"Old Trafford, Manchester",4,4.6,4.6,Lancashire,Yorkshire,KK Jennings,AL Davies,BO Coad,0,0,,,,,,,,,,,,,
1127646,2018,2018-07-22,"Old Trafford, Manchester",4,5.1,5.1,Lancashire,Yorkshire,AL Davies,KK Jennings,JA Brooks,0,0,,,,,,,,,,,,,
1127646,2018,2018-07-22,"Old Trafford, Manchester",4,5.2,5.2,Lancashire,Yorkshire,AL Davies,KK Jennings,JA Brooks,0,0,,,,,,,,,,,,,
1127646,2018,2018-07-22,"Old Trafford, Manchester",4,5.3,5.3,Lancashire,Yorkshire,AL Davies,KK Jennings,JA Brooks,1,0,,,,,,,,,,,,,
1127646,2018,2018-07-22,"Old Trafford, Manchester",4,5.4,5.4,Lancashire,Yorkshire,KK Jennings,AL Davies,JA Brooks,0,0,,,,,,,,,,,,,
1127646,2018,2018-07-22,"Old Trafford, Manchester",4,5.5,5.5,Lancashire,Yorkshire,KK Jennings,AL Davies,JA Brooks,4,0,,,,,,,,,,,,,
1127646,2018,2018-07-22,"Old Trafford, Manchester",4,5.6,5.6,Lancashire,Yorkshire,KK Jennings,AL Davies,JA Brooks,0,0,,,,,,,,,,,,,
1127646,2018,2018-07-22,"Old Trafford, Manchester",4,6.1,6.1,Lancashire,Yorkshire,AL Davies,KK Jennings,BO Coad,0,0,,,,,,,,,,,,,
1127646,2018,2018-07-22,"Old Trafford, Manchester",4,6.2,6.2,Lancashire,Yorkshire,AL Davies,KK Jennings,BO Coad,0,0,,,,,,,,,,,,,
1127646,2018,2018-07-22,"Old Trafford, Manchester",4,6.3,6.3,Lancashire,Yorkshire,AL Davies,KK Jennings,BO Coad,0,0,,,,,,,,,,,,,
1127646,2018,2018-07-22,"Old Trafford, Manchester",4,6.4,6.4,Lancashire,Yorkshire,AL Davies,KK Jennings,BO Coad,4,0,,,,,,,,,,,,,
1127646,2018,2018-07-22,"Old Trafford, Manchester",4,6.5,6.5,Lancashire,Yorkshire,AL Davies,KK Jennings,BO Coad,1,0,,,,,,,,,,,,,
1127646,2018,2018-07-22,"Old Trafford, Manchester",4,6.6,6.6,Lancashire,Yorkshire,KK Jennings,AL Davies,BO Coad,0,0,,,,,,,,,,,,,
1127646,2018,2018-07-22,"Old Trafford, Manchester",4,7.1,7.1,Lancashire,Yorkshire,AL Davies,KK Jennings,JA Brooks,0,0,,,,,,,,,,,,,
1127646,2018,2018-07-22,"Old Trafford, Manchester",4,7.2,7.2,Lancashire,Yorkshire,AL Davies,KK Jennings,JA Brooks,0,0,,,,,,,,,,,,,
1127646,2018,2018-07-22,"Old Trafford, Manchester",4,7.3,7.3,Lancashire,Yorkshire,AL Davies,KK Jennings,JA Brooks,0,0,,,,,,,,,,,,,
1127646,2018,2018-07-22,"Old Trafford, Manchester",4,7.4,7.4,Lancashire,Yorkshire,AL Davies,KK Jennings,JA Brooks,0,0,,,,,,,,,,,,,
1127646,2018,2018-07-22,"Old Trafford, Manchester",4,7.5,7.5,Lancashire,Yorkshire,AL Davies,KK Jennings,JA Brooks,4,0,,,,,,,,,,,,,
1127646,2018,2018-07-22,"Old Trafford, Manchester",4,7.6,7.6,Lancashire,Yorkshire,AL Davies,KK Jennings,JA Brooks,0,0,,,,,,,,,,,,,
1127646,2018,2018-07-22,"Old Trafford, Manchester",4,8.1,8.1,Lancashire,Yorkshire,KK Jennings,AL Davies,BO Coad,0,0,,,,,,,,,,,,,
1127646,2018,2018-07-22,"Old Trafford, Manchester",4,8.2,8.2,Lancashire,Yorkshire,KK Jennings,AL Davies,BO Coad,0,0,,,,,,,,,,,,,
1127646,2018,2018-07-22,"Old Trafford, Manchester",4,8.3,8.3,Lancashire,Yorkshire,KK Jennings,AL Davies,BO Coad,0,0,,,,,,,,,,,,,
1127646,2018,2018-07-22,"Old Trafford, Manchester",4,8.4,8.4,Lancashire,Yorkshire,KK Jennings,AL Davies,BO Coad,0,0,,,,,,,,,,,,,
1127646,2018,2018-07-22,"Old Trafford, Manchester",4,8.5,8.5,Lancashire,Yorkshire,KK Jennings,AL Davies,BO Coad,0,0,,,,,,,,,,,,,
1127646,2018,2018-07-22,"Old Trafford, Manchester",4,8.6,8.6,Lancashire,Yorkshire,KK Jennings,AL Davies,BO Coad,0,0,,,,,,,,,,,,,
1127646,2018,2018-07-22,"Old Trafford, Manchester",4,9.1,9.1,Lancashire,Yorkshire,AL Davies,KK Jennings,JA Brooks,4,0,,,,,,,,,,,,,
1127646,2018,2018-07-22,"Old Trafford, Manchester",4,9.2,9.2,Lancashire,Yorkshire,AL Davies,KK Jennings,JA Brooks,1,0,,,,,,,,,,,,,
1127646,2018,2018-07-22,"Old Trafford, Manchester",4,9.3,9.3,Lancashire,Yorkshire,KK Jennings,AL Davies,JA Brooks,0,0,,,,,,,,,,,,,
1127646,2018,2018-07-22,"Old Trafford, Manchester",4,9.4,9.4,Lancashire,Yorkshire,KK Jennings,AL Davies,JA Brooks,0,0,,,,,,,,,,,,,
1127646,2018,2018-07-22,"Old Trafford, Manchester",4,9.5,9.5,Lancashire,Yorkshire,KK Jennings,AL Davies,JA Brooks,4,0,,,,,,,,,,,,,
1127646,2018,2018-07-22,"Old Trafford, Manchester",4,9.6,9.6,Lancashire,Yorkshire,KK Jennings,AL Davies,JA Brooks,0,0,,,,,,,,,,,,,
1127646,2018,2018-07-22,"Old Trafford, Manchester",4,10.1,10.1,Lancashire,Yorkshire,AL Davies,KK Jennings,BO Coad,0,0,,,,,,,,,,,,,
1127646,2018,2018-07-22,"Old Trafford, Manchester",4,10.2,10.2,Lancashire,Yorkshire,AL Davies,KK Jennings,BO Coad,0,0,,,,,,,,,,,,,
1127646,2018,2018-07-22,"Old Trafford, Manchester",4,10.3,10.3,Lancashire,Yorkshire,AL Davies,KK Jennings,BO Coad,0,0,,,,,,,,,,,,,
1127646,2018,2018-07-22,"Old Trafford, Manchester",4,10.4,10.4,Lancashire,Yorkshire,AL Davies,KK Jennings,BO Coad,0,0,,,,,,,,,,,,,
1127646,2018,2018-07-22,"Old Trafford, Manchester",4,10.5,10.5,Lancashire,Yorkshire,AL Davies,KK Jennings,BO Coad,1,0,,,,,,,,,,,,,
1127646,2018,2018-07-22,"Old Trafford, Manchester",4,10.6,10.6,Lancashire,Yorkshire,KK Jennings,AL Davies,BO Coad,4,0,,,,,,,,,,,,,
1127646,2018,2018-07-22,"Old Trafford, Manchester",4,11.1,11.1,Lancashire,Yorkshire,AL Davies,KK Jennings,TT Bresnan,0,0,,,,,,,,,,,,,
1127646,2018,2018-07-22,"Old Trafford, Manchester",4,11.2,11.2,Lancashire,Yorkshire,AL Davies,KK Jennings,TT Bresnan,0,0,,,,,,,,,,,,,
1127646,2018,2018-07-22,"Old Trafford, Manchester",4,11.3,11.3,Lancashire,Yorkshire,AL Davies,KK Jennings,TT Bresnan,0,0,,,,,,,,,,,,,
1127646,2018,2018-07-22,"Old Trafford, Manchester",4,11.4,11.4,Lancashire,Yorkshire,AL Davies,KK Jennings,TT Bresnan,0,0,,,,,,,,,,,,,
1127646,2018,2018-07-22,"Old Trafford, Manchester",4,11.5,11.5,Lancashire,Yorkshire,AL Davies,KK Jennings,TT Bresnan,0,0,,,,,,,,,,,,,
1127646,2018,2018-07-22,"Old Trafford, Manchester",4,11.6,11.6,Lancashire,Yorkshire,AL Davies,KK Jennings,TT Bresnan,0,0,,,,,,,,,,,,,
1127646,2018,2018-07-22,"Old Trafford, Manchester",4,12.1,12.1,Lancashire,Yorkshire,KK Jennings,AL Davies,SA Patterson,0,0,,,,,,,,,,,,,
1127646,2018,2018-07-22,"Old Trafford, Manchester",4,12.2,12.2,Lancashire,Yorkshire,KK Jennings,AL Davies,SA Patterson,0,0,,,,,,,,,,,,,
1127646,2018,2018-07-22,"Old Trafford, Manchester",4,12.3,12.3,Lancashire,Yorkshire,KK Jennings,AL Davies,SA Patterson,0,0,,,,,,,,,,,,,
1127646,2018,2018-07-22,"Old Trafford, Manchester",4,12.4,12.4,Lancashire,Yorkshire,KK Jennings,AL Davies,SA Patterson,4,0,,,,,,,,,,,,,
1127646,2018,2018-07-22,"Old Trafford, Manchester",4,12.5,12.5,Lancashire,Yorkshire,KK Jennings,AL Davies,SA Patterson,4,0,,,,,,,,,,,,,
1127646,2018,2018-07-22,"Old Trafford, Manchester",4,12.6,12.6,Lancashire,Yorkshire,KK Jennings,AL Davies,SA Patterson,0,0,,,,,,,,,,,,,
1127646,2018,2018-07-22,"Old Trafford, Manchester",4,13.1,13.1,Lancashire,Yorkshire,AL Davies,KK Jennings,TT Bresnan,4,0,,,,,,,,,,,,,
1127646,2018,2018-07-22,"Old Trafford, Manchester",4,13.2,13.2,Lancashire,Yorkshire,AL Davies,KK Jennings,TT Bresnan,0,0,,,,,,,,,,,,,
1127646,2018,2018-07-22,"Old Trafford, Manchester",4,13.3,13.3,Lancashire,Yorkshire,AL Davies,KK Jennings,TT Bresnan,4,0,,,,,,,,,,,,,
1127646,2018,2018-07-22,"Old Trafford, Manchester",4,13.4,13.4,Lancashire,Yorkshire,AL Davies,KK Jennings,TT Bresnan,0,0,,,,,,,lbw,AL Davies,,,,,
1127646,2018,2018-07-22,"Old Trafford, Manchester",4,13.5,13.5,Lancashire,Yorkshire,H Hameed,KK Jennings,TT Bresnan,0,0,,,,,,,,,,,,,
1127646,2018,2018-07-22,"Old Trafford, Manchester",4,13.6,13.6,Lancashire,Yorkshire,H Hameed,KK Jennings,TT Bresnan,0,0,,,,,,,,,,,,,
1127646,2018,2018-07-22,"Old Trafford, Manchester",4,14.1,14.1,Lancashire,Yorkshire,KK Jennings,H Hameed,SA Patterson,0,0,,,,,,,,,,,,,
1127646,2018,2018-07-22,"Old Trafford, Manchester",4,14.2,14.2,Lancashire,Yorkshire,KK Jennings,H Hameed,SA Patterson,0,0,,,,,,,,,,,,,
1127646,2018,2018-07-22,"Old Trafford, Manchester",4,14.3,14.3,Lancashire,Yorkshire,KK Jennings,H Hameed,SA Patterson,0,0,,,,,,,,,,,,,
1127646,2018,2018-07-22,"Old Trafford, Manchester",4,14.4,14.4,Lancashire,Yorkshire,KK Jennings,H Hameed,SA Patterson,0,0,,,,,,,,,,,,,
1127646,2018,2018-07-22,"Old Trafford, Manchester",4,14.5,14.5,Lancashire,Yorkshire,KK Jennings,H Hameed,SA Patterson,2,0,,,,,,,,,,,,,
1127646,2018,2018-07-22,"Old Trafford, Manchester",4,14.6,14.6,Lancashire,Yorkshire,KK Jennings,H Hameed,SA Patterson,0,0,,,,,,,,,,,,,
1127646,2018,2018-07-22,"Old Trafford, Manchester",4,15.1,15.1,Lancashire,Yorkshire,H Hameed,KK Jennings,TT Bresnan,0,0,,,,,,,,,,,,,
1127646,2018,2018-07-22,"Old Trafford, Manchester",4,15.2,15.2,Lancashire,Yorkshire,H Hameed,KK Jennings,TT Bresnan,4,0,,,,,,,,,,,,,
1127646,2018,2018-07-22,"Old Trafford, Manchester",4,15.3,15.3,Lancashire,Yorkshire,H Hameed,KK Jennings,TT Bresnan,0,0,,,,,,,,,,,,,
1127646,2018,2018-07-22,"Old Trafford, Manchester",4,15.4,15.4,Lancashire,Yorkshire,H Hameed,KK Jennings,TT Bresnan,0,0,,,,,,,,,,,,,
1127646,2018,2018-07-22,"Old Trafford, Manchester",4,15.5,15.5,Lancashire,Yorkshire,H Hameed,KK Jennings,TT Bresnan,1,0,,,,,,,,,,,,,
1127646,2018,2018-07-22,"Old Trafford, Manchester",4,15.6,15.6,Lancashire,Yorkshire,KK Jennings,H Hameed,TT Bresnan,1,0,,,,,,,,,,,,,
1127646,2018,2018-07-22,"Old Trafford, Manchester",4,16.1,16.1,Lancashire,Yorkshire,KK Jennings,H Hameed,SA Patterson,0,0,,,,,,,,,,,,,
1127646,2018,2018-07-22,"Old Trafford, Manchester",4,16.2,16.2,Lancashire,Yorkshire,KK Jennings,H Hameed,SA Patterson,0,0,,,,,,,,,,,,,
1127646,2018,2018-07-22,"Old Trafford, Manchester",4,16.3,16.3,Lancashire,Yorkshire,KK Jennings,H Hameed,SA Patterson,2,0,,,,,,,,,,,,,
1127646,2018,2018-07-22,"Old Trafford, Manchester",4,16.4,16.4,Lancashire,Yorkshire,KK Jennings,H Hameed,SA Patterson,0,0,,,,,,,,,,,,,
1127646,2018,2018-07-22,"Old Trafford, Manchester",4,16.5,16.5,Lancashire,Yorkshire,KK Jennings,H Hameed,SA Patterson,0,0,,,,,,,,,,,,,
1127646,2018,2018-07-22,"Old Trafford, Manchester",4,16.6,16.6,Lancashire,Yorkshire,KK Jennings,H Hameed,SA Patterson,0,0,,,,,,,,,,,,,
1127646,2018,2018-07-22,"Old Trafford, Manchester",4,17.1,17.1,Lancashire,Yorkshire,H Hameed,KK Jennings,TT Bresnan,0,0,,,,,,,,,,,,,
1127646,2018,2018-07-22,"Old Trafford, Manchester",4,17.2,17.2,Lancashire,Yorkshire,H Hameed,KK Jennings,TT Bresnan,0,0,,,,,,,,,,,,,
1127646,2018,2018-07-22,"Old Trafford, Manchester",4,17.3,17.3,Lancashire,Yorkshire,H Hameed,KK Jennings,TT Bresnan,0,0,,,,,,,,,,,,,
1127646,2018,2018-07-22,"Old Trafford, Manchester",4,17.4,17.4,Lancashire,Yorkshire,H Hameed,KK Jennings,TT Bresnan,0,0,,,,,,,,,,,,,
1127646,2018,2018-07-22,"Old Trafford, Manchester",4,17.5,17.5,Lancashire,Yorkshire,H Hameed,KK Jennings,TT Bresnan,0,0,,,,,,,,,,,,,
1127646,2018,2018-07-22,"Old Trafford, Manchester",4,17.6,17.6,Lancashire,Yorkshire,H Hameed,KK Jennings,TT Bresnan,0,0,,,,,,,,,,,,,
1127646,2018,2018-07-22,"Old Trafford, Manchester",4,18.1,18.1,Lancashire,Yorkshire,KK Jennings,H Hameed,SA Patterson,1,0,,,,,,,,,,,,,
1127646,2018,2018-07-22,"Old Trafford, Manchester",4,18.2,18.2,Lancashire,Yorkshire,H Hameed,KK Jennings,SA Patterson,4,0,,,,,,,,,,,,,
1127646,2018,2018-07-22,"Old Trafford, Manchester",4,18.3,18.3,Lancashire,Yorkshire,H Hameed,KK Jennings,SA Patterson,0,0,,,,,,,,,,,,,
1127646,2018,2018-07-22,"Old Trafford, Manchester",4,18.4,18.4,Lancashire,Yorkshire,H Hameed,KK Jennings,SA Patterson,1,0,,,,,,,,,,,,,
1127646,2018,2018-07-22,"Old Trafford, Manchester",4,18.5,18.5,Lancashire,Yorkshire,KK Jennings,H Hameed,SA Patterson,0,0,,,,,,,,,,,,,
1127646,2018,2018-07-22,"Old Trafford, Manchester",4,18.6,18.6,Lancashire,Yorkshire,KK Jennings,H Hameed,SA Patterson,0,0,,,,,,,,,,,,,
1127646,2018,2018-07-22,"Old Trafford, Manchester",4,19.1,19.1,Lancashire,Yorkshire,H Hameed,KK Jennings,TT Bresnan,0,0,,,,,,,,,,,,,
1127646,2018,2018-07-22,"Old Trafford, Manchester",4,19.2,19.2,Lancashire,Yorkshire,H Hameed,KK Jennings,TT Bresnan,4,0,,,,,,,,,,,,,
1127646,2018,2018-07-22,"Old Trafford, Manchester",4,19.3,19.3,Lancashire,Yorkshire,H Hameed,KK Jennings,TT Bresnan,4,0,,,,,,,,,,,,,
1127646,2018,2018-07-22,"Old Trafford, Manchester",4,19.4,19.4,Lancashire,Yorkshire,H Hameed,KK Jennings,TT Bresnan,0,0,,,,,,,,,,,,,
1127646,2018,2018-07-22,"Old Trafford, Manchester",4,19.5,19.5,Lancashire,Yorkshire,H Hameed,KK Jennings,TT Bresnan,0,0,,,,,,,,,,,,,
1127646,2018,2018-07-22,"Old Trafford, Manchester",4,19.6,19.6,Lancashire,Yorkshire,H Hameed,KK Jennings,TT Bresnan,0,0,,,,,,,,,,,,,
1127646,2018,2018-07-22,"Old Trafford, Manchester",4,20.1,20.1,Lancashire,Yorkshire,KK Jennings,H Hameed,SA Patterson,0,0,,,,,,,,,,,,,
1127646,2018,2018-07-22,"Old Trafford, Manchester",4,20.2,20.2,Lancashire,Yorkshire,KK Jennings,H Hameed,SA Patterson,0,0,,,,,,,,,,,,,
1127646,2018,2018-07-22,"Old Trafford, Manchester",4,20.3,20.3,Lancashire,Yorkshire,KK Jennings,H Hameed,SA Patterson,0,0,,,,,,,,,,,,,
1127646,2018,2018-07-22,"Old Trafford, Manchester",4,20.4,20.4,Lancashire,Yorkshire,KK Jennings,H Hameed,SA Patterson,0,0,,,,,,,,,,,,,
1127646,2018,2018-07-22,"Old Trafford, Manchester",4,20.5,20.5,Lancashire,Yorkshire,KK Jennings,H Hameed,SA Patterson,0,0,,,,,,,,,,,,,
1127646,2018,2018-07-22,"Old Trafford, Manchester",4,20.6,20.6,Lancashire,Yorkshire,KK Jennings,H Hameed,SA Patterson,0,0,,,,,,,,,,,,,
1127646,2018,2018-07-22,"Old Trafford, Manchester",4,21.1,21.1,Lancashire,Yorkshire,H Hameed,KK Jennings,JE Poysden,0,0,,,,,,,,,,,,,
1127646,2018,2018-07-22,"Old Trafford, Manchester",4,21.2,21.2,Lancashire,Yorkshire,H Hameed,KK Jennings,JE Poysden,1,0,,,,,,,,,,,,,
1127646,2018,2018-07-22,"Old Trafford, Manchester",4,21.3,21.3,Lancashire,Yorkshire,KK Jennings,H Hameed,JE Poysden,0,0,,,,,,,,,,,,,
1127646,2018,2018-07-22,"Old Trafford, Manchester",4,21.4,21.4,Lancashire,Yorkshire,KK Jennings,H Hameed,JE Poysden,0,0,,,,,,,,,,,,,
1127646,2018,2018-07-22,"Old Trafford, Manchester",4,21.5,21.5,Lancashire,Yorkshire,KK Jennings,H Hameed,JE Poysden,0,0,,,,,,,,,,,,,
1127646,2018,2018-07-22,"Old Trafford, Manchester",4,21.6,21.6,Lancashire,Yorkshire,KK Jennings,H Hameed,JE Poysden,1,2,,2,,,,,,,,,,,
1127646,2018,2018-07-22,"Old Trafford, Manchester",4,21.7,21.6,Lancashire,Yorkshire,H Hameed,KK Jennings,JE Poysden,1,0,,,,,,,,,,,,,
1127646,2018,2018-07-22,"Old Trafford, Manchester",4,22.1,22.1,Lancashire,Yorkshire,H Hameed,KK Jennings,SA Patterson,1,0,,,,,,,,,,,,,
1127646,2018,2018-07-22,"Old Trafford, Manchester",4,22.2,22.2,Lancashire,Yorkshire,KK Jennings,H Hameed,SA Patterson,0,0,,,,,,,,,,,,,
1127646,2018,2018-07-22,"Old Trafford, Manchester",4,22.3,22.3,Lancashire,Yorkshire,KK Jennings,H Hameed,SA Patterson,0,0,,,,,,,,,,,,,
1127646,2018,2018-07-22,"Old Trafford, Manchester",4,22.4,22.4,Lancashire,Yorkshire,KK Jennings,H Hameed,SA Patterson,0,0,,,,,,,,,,,,,
1127646,2018,2018-07-22,"Old Trafford, Manchester",4,22.5,22.5,Lancashire,Yorkshire,KK Jennings,H Hameed,SA Patterson,0,0,,,,,,,,,,,,,
1127646,2018,2018-07-22,"Old Trafford, Manchester",4,22.6,22.6,Lancashire,Yorkshire,KK Jennings,H Hameed,SA Patterson,0,0,,,,,,,,,,,,,
1127646,2018,2018-07-22,"Old Trafford, Manchester",4,23.1,23.1,Lancashire,Yorkshire,H Hameed,KK Jennings,JE Poysden,0,0,,,,,,,,,,,,,
1127646,2018,2018-07-22,"Old Trafford, Manchester",4,23.2,23.2,Lancashire,Yorkshire,H Hameed,KK Jennings,JE Poysden,0,0,,,,,,,,,,,,,
1127646,2018,2018-07-22,"Old Trafford, Manchester",4,23.3,23.3,Lancashire,Yorkshire,H Hameed,KK Jennings,JE Poysden,0,0,,,,,,,,,,,,,
1127646,2018,2018-07-22,"Old Trafford, Manchester",4,23.4,23.4,Lancashire,Yorkshire,H Hameed,KK Jennings,JE Poysden,1,0,,,,,,,,,,,,,
1127646,2018,2018-07-22,"Old Trafford, Manchester",4,23.5,23.5,Lancashire,Yorkshire,KK Jennings,H Hameed,JE Poysden,0,0,,,,,,,,,,,,,
1127646,2018,2018-07-22,"Old Trafford, Manchester",4,23.6,23.6,Lancashire,Yorkshire,KK Jennings,H Hameed,JE Poysden,1,0,,,,,,,,,,,,,
1127646,2018,2018-07-22,"Old Trafford, Manchester",4,24.1,24.1,Lancashire,Yorkshire,KK Jennings,H Hameed,BO Coad,0,0,,,,,,,,,,,,,
1127646,2018,2018-07-22,"Old Trafford, Manchester",4,24.2,24.2,Lancashire,Yorkshire,KK Jennings,H Hameed,BO Coad,0,0,,,,,,,,,,,,,
1127646,2018,2018-07-22,"Old Trafford, Manchester",4,24.3,24.3,Lancashire,Yorkshire,KK Jennings,H Hameed,BO Coad,0,0,,,,,,,,,,,,,
1127646,2018,2018-07-22,"Old Trafford, Manchester",4,24.4,24.4,Lancashire,Yorkshire,KK Jennings,H Hameed,BO Coad,0,0,,,,,,,,,,,,,
1127646,2018,2018-07-22,"Old Trafford, Manchester",4,24.5,24.5,Lancashire,Yorkshire,KK Jennings,H Hameed,BO Coad,0,0,,,,,,,lbw,KK Jennings,,,,,
1127646,2018,2018-07-22,"Old Trafford, Manchester",4,24.6,24.6,Lancashire,Yorkshire,DJ Vilas,H Hameed,BO Coad,1,0,,,,,,,,,,,,,
1127646,2018,2018-07-22,"Old Trafford, Manchester",4,25.1,25.1,Lancashire,Yorkshire,DJ Vilas,H Hameed,JE Poysden,0,0,,,,,,,,,,,,,
1127646,2018,2018-07-22,"Old Trafford, Manchester",4,25.2,25.2,Lancashire,Yorkshire,DJ Vilas,H Hameed,JE Poysden,0,0,,,,,,,,,,,,,
1127646,2018,2018-07-22,"Old Trafford, Manchester",4,25.3,25.3,Lancashire,Yorkshire,DJ Vilas,H Hameed,JE Poysden,0,0,,,,,,,lbw,DJ Vilas,,,,,
1127646,2018,2018-07-22,"Old Trafford, Manchester",4,25.4,25.4,Lancashire,Yorkshire,JC Buttler,H Hameed,JE Poysden,1,0,,,,,,,,,,,,,
1127646,2018,2018-07-22,"Old Trafford, Manchester",4,25.5,25.5,Lancashire,Yorkshire,H Hameed,JC Buttler,JE Poysden,0,0,,,,,,,,,,,,,
1127646,2018,2018-07-22,"Old Trafford, Manchester",4,25.6,25.6,Lancashire,Yorkshire,H Hameed,JC Buttler,JE Poysden,0,0,,,,,,,,,,,,,
1127646,2018,2018-07-22,"Old Trafford, Manchester",4,26.1,26.1,Lancashire,Yorkshire,JC Buttler,H Hameed,BO Coad,0,0,,,,,,,,,,,,,
1127646,2018,2018-07-22,"Old Trafford, Manchester",4,26.2,26.2,Lancashire,Yorkshire,JC Buttler,H Hameed,BO Coad,2,0,,,,,,,,,,,,,
1127646,2018,2018-07-22,"Old Trafford, Manchester",4,26.3,26.3,Lancashire,Yorkshire,JC Buttler,H Hameed,BO Coad,0,0,,,,,,,,,,,,,
1127646,2018,2018-07-22,"Old Trafford, Manchester",4,26.4,26.4,Lancashire,Yorkshire,JC Buttler,H Hameed,BO Coad,0,0,,,,,,,,,,,,,
1127646,2018,2018-07-22,"Old Trafford, Manchester",4,26.5,26.5,Lancashire,Yorkshire,JC Buttler,H Hameed,BO Coad,0,0,,,,,,,,,,,,,
1127646,2018,2018-07-22,"Old Trafford, Manchester",4,26.6,26.6,Lancashire,Yorkshire,JC Buttler,H Hameed,BO Coad,1,0,,,,,,,,,,,,,
1127646,2018,2018-07-22,"Old Trafford, Manchester",4,27.1,27.1,Lancashire,Yorkshire,JC Buttler,H Hameed,JE Poysden,1,0,,,,,,,,,,,,,
1127646,2018,2018-07-22,"Old Trafford, Manchester",4,27.2,27.2,Lancashire,Yorkshire,H Hameed,JC Buttler,JE Poysden,2,0,,,,,,,,,,,,,
1127646,2018,2018-07-22,"Old Trafford, Manchester",4,27.3,27.3,Lancashire,Yorkshire,H Hameed,JC Buttler,JE Poysden,6,0,,,,,,,,,,,,,
1127646,2018,2018-07-22,"Old Trafford, Manchester",4,27.4,27.4,Lancashire,Yorkshire,H Hameed,JC Buttler,JE Poysden,0,0,,,,,,,,,,,,,
1127646,2018,2018-07-22,"Old Trafford, Manchester",4,27.5,27.5,Lancashire,Yorkshire,H Hameed,JC Buttler,JE Poysden,0,0,,,,,,,,,,,,,
1127646,2018,2018-07-22,"Old Trafford, Manchester",4,27.6,27.6,Lancashire,Yorkshire,H Hameed,JC Buttler,JE Poysden,1,0,,,,,,,,,,,,,
1127646,2018,2018-07-22,"Old Trafford, Manchester",4,28.1,28.1,Lancashire,Yorkshire,H Hameed,JC Buttler,BO Coad,0,0,,,,,,,,,,,,,
1127646,2018,2018-07-22,"Old Trafford, Manchester",4,28.2,28.2,Lancashire,Yorkshire,H Hameed,JC Buttler,BO Coad,0,0,,,,,,,,,,,,,
1127646,2018,2018-07-22,"Old Trafford, Manchester",4,28.3,28.3,Lancashire,Yorkshire,H Hameed,JC Buttler,BO Coad,0,0,,,,,,,,,,,,,
1127646,2018,2018-07-22,"Old Trafford, Manchester",4,28.4,28.4,Lancashire,Yorkshire,H Hameed,JC Buttler,BO Coad,0,0,,,,,,,,,,,,,
1127646,2018,2018-07-22,"Old Trafford, Manchester",4,28.5,28.5,Lancashire,Yorkshire,H Hameed,JC Buttler,BO Coad,0,0,,,,,,,,,,,,,
1127646,2018,2018-07-22,"Old Trafford, Manchester",4,28.6,28.6,Lancashire,Yorkshire,H Hameed,JC Buttler,BO Coad,0,0,,,,,,,,,,,,,
1127646,2018,2018-07-22,"Old Trafford, Manchester",4,29.1,29.1,Lancashire,Yorkshire,JC Buttler,H Hameed,JE Poysden,0,0,,,,,,,,,,,,,
1127646,2018,2018-07-22,"Old Trafford, Manchester",4,29.2,29.2,Lancashire,Yorkshire,JC Buttler,H Hameed,JE Poysden,0,0,,,,,,,,,,,,,
1127646,2018,2018-07-22,"Old Trafford, Manchester",4,29.3,29.3,Lancashire,Yorkshire,JC Buttler,H Hameed,JE Poysden,0,0,,,,,,,,,,,,,
1127646,2018,2018-07-22,"Old Trafford, Manchester",4,29.4,29.4,Lancashire,Yorkshire,JC Buttler,H Hameed,JE Poysden,4,0,,,,,,,,,,,,,
1127646,2018,2018-07-22,"Old Trafford, Manchester",4,29.5,29.5,Lancashire,Yorkshire,JC Buttler,H Hameed,JE Poysden,1,0,,,,,,,,,,,,,
1127646,2018,2018-07-22,"Old Trafford, Manchester",4,29.6,29.6,Lancashire,Yorkshire,H Hameed,JC Buttler,JE Poysden,0,0,,,,,,,,,,,,,
1127646,2018,2018-07-22,"Old Trafford, Manchester",4,30.1,30.1,Lancashire,Yorkshire,JC Buttler,H Hameed,BO Coad,0,0,,,,,,,,,,,,,
1127646,2018,2018-07-22,"Old Trafford, Manchester",4,30.2,30.2,Lancashire,Yorkshire,JC Buttler,H Hameed,BO Coad,4,0,,,,,,,,,,,,,
1127646,2018,2018-07-22,"Old Trafford, Manchester",4,30.3,30.3,Lancashire,Yorkshire,JC Buttler,H Hameed,BO Coad,0,0,,,,,,,,,,,,,
1127646,2018,2018-07-22,"Old Trafford, Manchester",4,30.4,30.4,Lancashire,Yorkshire,JC Buttler,H Hameed,BO Coad,0,0,,,,,,,,,,,,,
1127646,2018,2018-07-22,"Old Trafford, Manchester",4,30.5,30.5,Lancashire,Yorkshire,JC Buttler,H Hameed,BO Coad,0,0,,,,,,,,,,,,,
1127646,2018,2018-07-22,"Old Trafford, Manchester",4,30.6,30.6,Lancashire,Yorkshire,JC Buttler,H Hameed,BO Coad,0,0,,,,,,,,,,,,,
1127646,2018,2018-07-22,"Old Trafford, Manchester",4,31.1,31.1,Lancashire,Yorkshire,H Hameed,JC Buttler,SA Patterson,0,0,,,,,,,,,,,,,
1127646,2018,2018-07-22,"Old Trafford, Manchester",4,31.2,31.2,Lancashire,Yorkshire,H Hameed,JC Buttler,SA Patterson,0,0,,,,,,,caught,H Hameed,,,JM Bairstow,,
1127646,2018,2018-07-22,"Old Trafford, Manchester",4,31.3,31.3,Lancashire,Yorkshire,J Clark,JC Buttler,SA Patterson,0,0,,,,,,,,,,,,,
1127646,2018,2018-07-22,"Old Trafford, Manchester",4,31.4,31.4,Lancashire,Yorkshire,J Clark,JC Buttler,SA Patterson,0,0,,,,,,,,,,,,,
1127646,2018,2018-07-22,"Old Trafford, Manchester",4,31.5,31.5,Lancashire,Yorkshire,J Clark,JC Buttler,SA Patterson,0,0,,,,,,,caught,J Clark,,,JM Bairstow,,
1127646,2018,2018-07-22,"Old Trafford, Manchester",4,31.6,31.6,Lancashire,Yorkshire,TE Bailey,JC Buttler,SA Patterson,0,0,,,,,,,,,,,,,
1127646,2018,2018-07-22,"Old Trafford, Manchester",4,32.1,32.1,Lancashire,Yorkshire,JC Buttler,TE Bailey,BO Coad,0,0,,,,,,,,,,,,,
1127646,2018,2018-07-22,"Old Trafford, Manchester",4,32.2,32.2,Lancashire,Yorkshire,JC Buttler,TE Bailey,BO Coad,2,0,,,,,,,,,,,,,
1127646,2018,2018-07-22,"Old Trafford, Manchester",4,32.3,32.3,Lancashire,Yorkshire,JC Buttler,TE Bailey,BO Coad,4,0,,,,,,,,,,,,,
1127646,2018,2018-07-22,"Old Trafford, Manchester",4,32.4,32.4,Lancashire,Yorkshire,JC Buttler,TE Bailey,BO Coad,0,0,,,,,,,,,,,,,
1127646,2018,2018-07-22,"Old Trafford, Manchester",4,32.5,32.5,Lancashire,Yorkshire,JC Buttler,TE Bailey,BO Coad,2,0,,,,,,,,,,,,,
1127646,2018,2018-07-22,"Old Trafford, Manchester",4,32.6,32.6,Lancashire,Yorkshire,JC Buttler,TE Bailey,BO Coad,0,0,,,,,,,,,,,,,
1127646,2018,2018-07-22,"Old Trafford, Manchester",4,33.1,33.1,Lancashire,Yorkshire,TE Bailey,JC Buttler,SA Patterson,0,0,,,,,,,,,,,,,
1127646,2018,2018-07-22,"Old Trafford, Manchester",4,33.2,33.2,Lancashire,Yorkshire,TE Bailey,JC Buttler,SA Patterson,0,0,,,,,,,,,,,,,
1127646,2018,2018-07-22,"Old Trafford, Manchester",4,33.3,33.3,Lancashire,Yorkshire,TE Bailey,JC Buttler,SA Patterson,0,0,,,,,,,,,,,,,
1127646,2018,2018-07-22,"Old Trafford, Manchester",4,33.4,33.4,Lancashire,Yorkshire,TE Bailey,JC Buttler,SA Patterson,0,0,,,,,,,,,,,,,
1127646,2018,2018-07-22,"Old Trafford, Manchester",4,33.5,33.5,Lancashire,Yorkshire,TE Bailey,JC Buttler,SA Patterson,0,0,,,,,,,,,,,,,
1127646,2018,2018-07-22,"Old Trafford, Manchester",4,33.6,33.6,Lancashire,Yorkshire,TE Bailey,JC Buttler,SA Patterson,1,0,,,,,,,,,,,,,
1127646,2018,2018-07-22,"Old Trafford, Manchester",4,34.1,34.1,Lancashire,Yorkshire,TE Bailey,JC Buttler,TT Bresnan,0,0,,,,,,,,,,,,,
1127646,2018,2018-07-22,"Old Trafford, Manchester",4,34.2,34.2,Lancashire,Yorkshire,TE Bailey,JC Buttler,TT Bresnan,0,0,,,,,,,,,,,,,
1127646,2018,2018-07-22,"Old Trafford, Manchester",4,34.3,34.3,Lancashire,Yorkshire,TE Bailey,JC Buttler,TT Bresnan,2,0,,,,,,,,,,,,,
1127646,2018,2018-07-22,"Old Trafford, Manchester",4,34.4,34.4,Lancashire,Yorkshire,TE Bailey,JC Buttler,TT Bresnan,0,0,,,,,,,,,,,,,
1127646,2018,2018-07-22,"Old Trafford, Manchester",4,34.5,34.5,Lancashire,Yorkshire,TE Bailey,JC Buttler,TT Bresnan,1,0,,,,,,,,,,,,,
1127646,2018,2018-07-22,"Old Trafford, Manchester",4,34.6,34.6,Lancashire,Yorkshire,JC Buttler,TE Bailey,TT Bresnan,1,0,,,,,,,,,,,,,
1127646,2018,2018-07-22,"Old Trafford, Manchester",4,35.1,35.1,Lancashire,Yorkshire,JC Buttler,TE Bailey,SA Patterson,0,0,,,,,,,,,,,,,
1127646,2018,2018-07-22,"Old Trafford, Manchester",4,35.2,35.2,Lancashire,Yorkshire,JC Buttler,TE Bailey,SA Patterson,0,0,,,,,,,,,,,,,
1127646,2018,2018-07-22,"Old Trafford, Manchester",4,35.3,35.3,Lancashire,Yorkshire,JC Buttler,TE Bailey,SA Patterson,0,0,,,,,,,,,,,,,
1127646,2018,2018-07-22,"Old Trafford, Manchester",4,35.4,35.4,Lancashire,Yorkshire,JC Buttler,TE Bailey,SA Patterson,0,0,,,,,,,,,,,,,
1127646,2018,2018-07-22,"Old Trafford, Manchester",4,35.5,35.5,Lancashire,Yorkshire,JC Buttler,TE Bailey,SA Patterson,0,0,,,,,,,,,,,,,
1127646,2018,2018-07-22,"Old Trafford, Manchester",4,35.6,35.6,Lancashire,Yorkshire,JC Buttler,TE Bailey,SA Patterson,0,0,,,,,,,,,,,,,
1127646,2018,2018-07-22,"Old Trafford, Manchester",4,36.1,36.1,Lancashire,Yorkshire,TE Bailey,JC Buttler,TT Bresnan,1,0,,,,,,,,,,,,,
1127646,2018,2018-07-22,"Old Trafford, Manchester",4,36.2,36.2,Lancashire,Yorkshire,JC Buttler,TE Bailey,TT Bresnan,0,0,,,,,,,,,,,,,
1127646,2018,2018-07-22,"Old Trafford, Manchester",4,36.3,36.3,Lancashire,Yorkshire,JC Buttler,TE Bailey,TT Bresnan,0,0,,,,,,,,,,,,,
1127646,2018,2018-07-22,"Old Trafford, Manchester",4,36.4,36.4,Lancashire,Yorkshire,JC Buttler,TE Bailey,TT Bresnan,1,0,,,,,,,,,,,,,
1127646,2018,2018-07-22,"Old Trafford, Manchester",4,36.5,36.5,Lancashire,Yorkshire,TE Bailey,JC Buttler,TT Bresnan,0,0,,,,,,,,,,,,,
1127646,2018,2018-07-22,"Old Trafford, Manchester",4,36.6,36.6,Lancashire,Yorkshire,TE Bailey,JC Buttler,TT Bresnan,0,0,,,,,,,,,,,,,
1127646,2018,2018-07-22,"Old Trafford, Manchester",4,37.1,37.1,Lancashire,Yorkshire,JC Buttler,TE Bailey,SA Patterson,0,0,,,,,,,,,,,,,
1127646,2018,2018-07-22,"Old Trafford, Manchester",4,37.2,37.2,Lancashire,Yorkshire,JC Buttler,TE Bailey,SA Patterson,4,0,,,,,,,,,,,,,
1127646,2018,2018-07-22,"Old Trafford, Manchester",4,37.3,37.3,Lancashire,Yorkshire,JC Buttler,TE Bailey,SA Patterson,4,0,,,,,,,,,,,,,
1127646,2018,2018-07-22,"Old Trafford, Manchester",4,37.4,37.4,Lancashire,Yorkshire,JC Buttler,TE Bailey,SA Patterson,0,0,,,,,,,,,,,,,
1127646,2018,2018-07-22,"Old Trafford, Manchester",4,37.5,37.5,Lancashire,Yorkshire,JC Buttler,TE Bailey,SA Patterson,0,0,,,,,,,,,,,,,
1127646,2018,2018-07-22,"Old Trafford, Manchester",4,37.6,37.6,Lancashire,Yorkshire,JC Buttler,TE Bailey,SA Patterson,1,0,,,,,,,,,,,,,
1127646,2018,2018-07-22,"Old Trafford, Manchester",4,38.1,38.1,Lancashire,Yorkshire,JC Buttler,TE Bailey,TT Bresnan,4,0,,,,,,,,,,,,,
1127646,2018,2018-07-22,"Old Trafford, Manchester",4,38.2,38.2,Lancashire,Yorkshire,JC Buttler,TE Bailey,TT Bresnan,0,0,,,,,,,,,,,,,
1127646,2018,2018-07-22,"Old Trafford, Manchester",4,38.3,38.3,Lancashire,Yorkshire,JC Buttler,TE Bailey,TT Bresnan,1,0,,,,,,,,,,,,,
1127646,2018,2018-07-22,"Old Trafford, Manchester",4,38.4,38.4,Lancashire,Yorkshire,TE Bailey,JC Buttler,TT Bresnan,4,0,,,,,,,,,,,,,
1127646,2018,2018-07-22,"Old Trafford, Manchester",4,38.5,38.5,Lancashire,Yorkshire,TE Bailey,JC Buttler,TT Bresnan,0,0,,,,,,,,,,,,,
1127646,2018,2018-07-22,"Old Trafford, Manchester",4,38.6,38.6,Lancashire,Yorkshire,TE Bailey,JC Buttler,TT Bresnan,4,0,,,,,,,,,,,,,
1127646,2018,2018-07-22,"Old Trafford, Manchester",4,39.1,39.1,Lancashire,Yorkshire,JC Buttler,TE Bailey,JA Brooks,0,0,,,,,,,,,,,,,
1127646,2018,2018-07-22,"Old Trafford, Manchester",4,39.2,39.2,Lancashire,Yorkshire,JC Buttler,TE Bailey,JA Brooks,1,0,,,,,,,,,,,,,
1127646,2018,2018-07-22,"Old Trafford, Manchester",4,39.3,39.3,Lancashire,Yorkshire,TE Bailey,JC Buttler,JA Brooks,0,0,,,,,,,,,,,,,
1127646,2018,2018-07-22,"Old Trafford, Manchester",4,39.4,39.4,Lancashire,Yorkshire,TE Bailey,JC Buttler,JA Brooks,0,0,,,,,,,,,,,,,
1127646,2018,2018-07-22,"Old Trafford, Manchester",4,39.5,39.5,Lancashire,Yorkshire,TE Bailey,JC Buttler,JA Brooks,4,0,,,,,,,,,,,,,
1127646,2018,2018-07-22,"Old Trafford, Manchester",4,39.6,39.6,Lancashire,Yorkshire,TE Bailey,JC Buttler,JA Brooks,0,0,,,,,,,,,,,,,
1127646,2018,2018-07-22,"Old Trafford, Manchester",4,40.1,40.1,Lancashire,Yorkshire,JC Buttler,TE Bailey,TT Bresnan,1,0,,,,,,,,,,,,,
1127646,2018,2018-07-22,"Old Trafford, Manchester",4,40.2,40.2,Lancashire,Yorkshire,TE Bailey,JC Buttler,TT Bresnan,0,0,,,,,,,,,,,,,
1127646,2018,2018-07-22,"Old Trafford, Manchester",4,40.3,40.3,Lancashire,Yorkshire,TE Bailey,JC Buttler,TT Bresnan,0,0,,,,,,,,,,,,,
1127646,2018,2018-07-22,"Old Trafford, Manchester",4,40.4,40.4,Lancashire,Yorkshire,TE Bailey,JC Buttler,TT Bresnan,1,0,,,,,,,,,,,,,
1127646,2018,2018-07-22,"Old Trafford, Manchester",4,40.5,40.5,Lancashire,Yorkshire,JC Buttler,TE Bailey,TT Bresnan,0,0,,,,,,,,,,,,,
1127646,2018,2018-07-22,"Old Trafford, Manchester",4,40.6,40.6,Lancashire,Yorkshire,JC Buttler,TE Bailey,TT Bresnan,0,0,,,,,,,,,,,,,
1127646,2018,2018-07-22,"Old Trafford, Manchester",4,41.1,41.1,Lancashire,Yorkshire,TE Bailey,JC Buttler,JE Poysden,1,0,,,,,,,,,,,,,
1127646,2018,2018-07-22,"Old Trafford, Manchester",4,41.2,41.2,Lancashire,Yorkshire,JC Buttler,TE Bailey,JE Poysden,1,0,,,,,,,,,,,,,
1127646,2018,2018-07-22,"Old Trafford, Manchester",4,41.3,41.3,Lancashire,Yorkshire,TE Bailey,JC Buttler,JE Poysden,0,0,,,,,,,,,,,,,
1127646,2018,2018-07-22,"Old Trafford, Manchester",4,41.4,41.4,Lancashire,Yorkshire,TE Bailey,JC Buttler,JE Poysden,4,0,,,,,,,,,,,,,
1127646,2018,2018-07-22,"Old Trafford, Manchester",4,41.5,41.5,Lancashire,Yorkshire,TE Bailey,JC Buttler,JE Poysden,0,0,,,,,,,,,,,,,
1127646,2018,2018-07-22,"Old Trafford, Manchester",4,41.6,41.6,Lancashire,Yorkshire,TE Bailey,JC Buttler,JE Poysden,0,0,,,,,,,,,,,,,
1127646,2018,2018-07-22,"Old Trafford, Manchester",4,42.1,42.1,Lancashire,Yorkshire,JC Buttler,TE Bailey,JA Brooks,4,0,,,,,,,,,,,,,
1127646,2018,2018-07-22,"Old Trafford, Manchester",4,42.2,42.2,Lancashire,Yorkshire,JC Buttler,TE Bailey,JA Brooks,1,0,,,,,,,,,,,,,
1127646,2018,2018-07-22,"Old Trafford, Manchester",4,42.3,42.3,Lancashire,Yorkshire,TE Bailey,JC Buttler,JA Brooks,4,0,,,,,,,,,,,,,
1127646,2018,2018-07-22,"Old Trafford, Manchester",4,42.4,42.4,Lancashire,Yorkshire,TE Bailey,JC Buttler,JA Brooks,4,0,,,,,,,,,,,,,
1127646,2018,2018-07-22,"Old Trafford, Manchester",4,42.5,42.5,Lancashire,Yorkshire,TE Bailey,JC Buttler,JA Brooks,1,0,,,,,,,,,,,,,
1127646,2018,2018-07-22,"Old Trafford, Manchester",4,42.6,42.6,Lancashire,Yorkshire,JC Buttler,TE Bailey,JA Brooks,0,0,,,,,,,,,,,,,
1127646,2018,2018-07-22,"Old Trafford, Manchester",4,43.1,43.1,Lancashire,Yorkshire,TE Bailey,JC Buttler,JE Poysden,0,0,,,,,,,,,,,,,
1127646,2018,2018-07-22,"Old Trafford, Manchester",4,43.2,43.2,Lancashire,Yorkshire,TE Bailey,JC Buttler,JE Poysden,1,0,,,,,,,,,,,,,
1127646,2018,2018-07-22,"Old Trafford, Manchester",4,43.3,43.3,Lancashire,Yorkshire,JC Buttler,TE Bailey,JE Poysden,6,0,,,,,,,,,,,,,
1127646,2018,2018-07-22,"Old Trafford, Manchester",4,43.4,43.4,Lancashire,Yorkshire,JC Buttler,TE Bailey,JE Poysden,1,0,,,,,,,,,,,,,
1127646,2018,2018-07-22,"Old Trafford, Manchester",4,43.5,43.5,Lancashire,Yorkshire,TE Bailey,JC Buttler,JE Poysden,0,0,,,,,,,,,,,,,
1127646,2018,2018-07-22,"Old Trafford, Manchester",4,43.6,43.6,Lancashire,Yorkshire,TE Bailey,JC Buttler,JE Poysden,0,0,,,,,,,,,,,,,
1127646,2018,2018-07-22,"Old Trafford, Manchester",4,44.1,44.1,Lancashire,Yorkshire,JC Buttler,TE Bailey,JA Brooks,4,0,,,,,,,,,,,,,
1127646,2018,2018-07-22,"Old Trafford, Manchester",4,44.2,44.2,Lancashire,Yorkshire,JC Buttler,TE Bailey,JA Brooks,0,0,,,,,,,,,,,,,
1127646,2018,2018-07-22,"Old Trafford, Manchester",4,44.3,44.3,Lancashire,Yorkshire,JC Buttler,TE Bailey,JA Brooks,0,0,,,,,,,,,,,,,
1127646,2018,2018-07-22,"Old Trafford, Manchester",4,44.4,44.4,Lancashire,Yorkshire,JC Buttler,TE Bailey,JA Brooks,0,1,,,1,,,,,,,,,,
1127646,2018,2018-07-22,"Old Trafford, Manchester",4,44.5,44.5,Lancashire,Yorkshire,TE Bailey,JC Buttler,JA Brooks,1,0,,,,,,,,,,,,,
1127646,2018,2018-07-22,"Old Trafford, Manchester",4,44.6,44.6,Lancashire,Yorkshire,JC Buttler,TE Bailey,JA Brooks,1,0,,,,,,,,,,,,,
1127646,2018,2018-07-22,"Old Trafford, Manchester",4,45.1,45.1,Lancashire,Yorkshire,JC Buttler,TE Bailey,SA Patterson,0,0,,,,,,,,,,,,,
1127646,2018,2018-07-22,"Old Trafford, Manchester",4,45.2,45.2,Lancashire,Yorkshire,JC Buttler,TE Bailey,SA Patterson,0,0,,,,,,,,,,,,,
1127646,2018,2018-07-22,"Old Trafford, Manchester",4,45.3,45.3,Lancashire,Yorkshire,JC Buttler,TE Bailey,SA Patterson,0,0,,,,,,,,,,,,,
1127646,2018,2018-07-22,"Old Trafford, Manchester",4,45.4,45.4,Lancashire,Yorkshire,JC Buttler,TE Bailey,SA Patterson,1,0,,,,,,,,,,,,,
1127646,2018,2018-07-22,"Old Trafford, Manchester",4,45.5,45.5,Lancashire,Yorkshire,TE Bailey,JC Buttler,SA Patterson,0,0,,,,,,,,,,,,,
1127646,2018,2018-07-22,"Old Trafford, Manchester",4,45.6,45.6,Lancashire,Yorkshire,TE Bailey,JC Buttler,SA Patterson,0,0,,,,,,,,,,,,,
1127646,2018,2018-07-22,"Old Trafford, Manchester",4,46.1,46.1,Lancashire,Yorkshire,JC Buttler,TE Bailey,JE Root,0,0,,,,,,,,,,,,,
1127646,2018,2018-07-22,"Old Trafford, Manchester",4,46.2,46.2,Lancashire,Yorkshire,JC Buttler,TE Bailey,JE Root,0,0,,,,,,,,,,,,,
1127646,2018,2018-07-22,"Old Trafford, Manchester",4,46.3,46.3,Lancashire,Yorkshire,JC Buttler,TE Bailey,JE Root,0,0,,,,,,,,,,,,,
1127646,2018,2018-07-22,"Old Trafford, Manchester",4,46.4,46.4,Lancashire,Yorkshire,JC Buttler,TE Bailey,JE Root,0,0,,,,,,,,,,,,,
1127646,2018,2018-07-22,"Old Trafford, Manchester",4,46.5,46.5,Lancashire,Yorkshire,JC Buttler,TE Bailey,JE Root,0,0,,,,,,,caught,JC Buttler,,,KS Williamson,,
1127646,2018,2018-07-22,"Old Trafford, Manchester",4,46.6,46.6,Lancashire,Yorkshire,G Onions,TE Bailey,JE Root,0,0,,,,,,,,,,,,,
1127646,2018,2018-07-22,"Old Trafford, Manchester",4,47.1,47.1,Lancashire,Yorkshire,TE Bailey,G Onions,SA Patterson,0,0,,,,,,,,,,,,,
1127646,2018,2018-07-22,"Old Trafford, Manchester",4,47.2,47.2,Lancashire,Yorkshire,TE Bailey,G Onions,SA Patterson,0,0,,,,,,,,,,,,,
1127646,2018,2018-07-22,"Old Trafford, Manchester",4,47.3,47.3,Lancashire,Yorkshire,TE Bailey,G Onions,SA Patterson,0,0,,,,,,,,,,,,,
1127646,2018,2018-07-22,"Old Trafford, Manchester",4,47.4,47.4,Lancashire,Yorkshire,TE Bailey,G Onions,SA Patterson,0,0,,,,,,,,,,,,,
1127646,2018,2018-07-22,"Old Trafford, Manchester",4,47.5,47.5,Lancashire,Yorkshire,TE Bailey,G Onions,SA Patterson,4,0,,,,,,,,,,,,,
1127646,2018,2018-07-22,"Old Trafford, Manchester",4,47.6,47.6,Lancashire,Yorkshire,TE Bailey,G Onions,SA Patterson,0,0,,,,,,,,,,,,,
1127646,2018,2018-07-22,"Old Trafford, Manchester",4,48.1,48.1,Lancashire,Yorkshire,G Onions,TE Bailey,JE Root,0,0,,,,,,,caught,G Onions,,,JM Bairstow,,
1127646,2018,2018-07-22,"Old Trafford, Manchester",4,48.2,48.2,Lancashire,Yorkshire,MW Parkinson,TE Bailey,JE Root,0,0,,,,,,,,,,,,,
1127646,2018,2018-07-22,"Old Trafford, Manchester",4,48.3,48.3,Lancashire,Yorkshire,MW Parkinson,TE Bailey,JE Root,0,0,,,,,,,,,,,,,
1127646,2018,2018-07-22,"Old Trafford, Manchester",4,48.4,48.4,Lancashire,Yorkshire,MW Parkinson,TE Bailey,JE Root,0,0,,,,,,,,,,,,,
1127646,2018,2018-07-22,"Old Trafford, Manchester",4,48.5,48.5,Lancashire,Yorkshire,MW Parkinson,TE Bailey,JE Root,0,0,,,,,,,,,,,,,
1127646,2018,2018-07-22,"Old Trafford, Manchester",4,48.6,48.6,Lancashire,Yorkshire,MW Parkinson,TE Bailey,JE Root,0,0,,,,,,,,,,,,,
1127646,2018,2018-07-22,"Old Trafford, Manchester",4,49.1,49.1,Lancashire,Yorkshire,TE Bailey,MW Parkinson,SA Patterson,0,0,,,,,,,,,,,,,
1127646,2018,2018-07-22,"Old Trafford, Manchester",4,49.2,49.2,Lancashire,Yorkshire,TE Bailey,MW Parkinson,SA Patterson,0,0,,,,,,,,,,,,,
1127646,2018,2018-07-22,"Old Trafford, Manchester",4,49.3,49.3,Lancashire,Yorkshire,TE Bailey,MW Parkinson,SA Patterson,0,0,,,,,,,,,,,,,
1127646,2018,2018-07-22,"Old Trafford, Manchester",4,49.4,49.4,Lancashire,Yorkshire,TE Bailey,MW Parkinson,SA Patterson,0,0,,,,,,,,,,,,,
1127646,2018,2018-07-22,"Old Trafford, Manchester",4,49.5,49.5,Lancashire,Yorkshire,TE Bailey,MW Parkinson,SA Patterson,0,0,,,,,,,,,,,,,
1127646,2018,2018-07-22,"Old Trafford, Manchester",4,49.6,49.6,Lancashire,Yorkshire,TE Bailey,MW Parkinson,SA Patterson,0,0,,,,,,,,,,,,,
1127646,2018,2018-07-22,"Old Trafford, Manchester",4,50.1,50.1,Lancashire,Yorkshire,MW Parkinson,TE Bailey,JE Root,0,0,,,,,,,,,,,,,
1127646,2018,2018-07-22,"Old Trafford, Manchester",4,50.2,50.2,Lancashire,Yorkshire,MW Parkinson,TE Bailey,JE Root,1,0,,,,,,,,,,,,,
1127646,2018,2018-07-22,"Old Trafford, Manchester",4,50.3,50.3,Lancashire,Yorkshire,TE Bailey,MW Parkinson,JE Root,0,0,,,,,,,,,,,,,
1127646,2018,2018-07-22,"Old Trafford, Manchester",4,50.4,50.4,Lancashire,Yorkshire,TE Bailey,MW Parkinson,JE Root,0,0,,,,,,,,,,,,,
1127646,2018,2018-07-22,"Old Trafford, Manchester",4,50.5,50.5,Lancashire,Yorkshire,TE Bailey,MW Parkinson,JE Root,0,0,,,,,,,,,,,,,
1127646,2018,2018-07-22,"Old Trafford, Manchester",4,50.6,50.6,Lancashire,Yorkshire,TE Bailey,MW Parkinson,JE Root,0,0,,,,,,,,,,,,,
1127646,2018,2018-07-22,"Old Trafford, Manchester",4,51.1,51.1,Lancashire,Yorkshire,MW Parkinson,TE Bailey,SA Patterson,0,0,,,,,,,,,,,,,
1127646,2018,2018-07-22,"Old Trafford, Manchester",4,51.2,51.2,Lancashire,Yorkshire,MW Parkinson,TE Bailey,SA Patterson,0,0,,,,,,,,,,,,,
1127646,2018,2018-07-22,"Old Trafford, Manchester",4,51.3,51.3,Lancashire,Yorkshire,MW Parkinson,TE Bailey,SA Patterson,1,0,,,,,,,,,,,,,
1127646,2018,2018-07-22,"Old Trafford, Manchester",4,51.4,51.4,Lancashire,Yorkshire,TE Bailey,MW Parkinson,SA Patterson,0,0,,,,,,,,,,,,,
1127646,2018,2018-07-22,"Old Trafford, Manchester",4,51.5,51.5,Lancashire,Yorkshire,TE Bailey,MW Parkinson,SA Patterson,0,0,,,,,,,,,,,,,
1127646,2018,2018-07-22,"Old Trafford, Manchester",4,51.6,51.6,Lancashire,Yorkshire,TE Bailey,MW Parkinson,SA Patterson,0,0,,,,,,,,,,,,,
1127646,2018,2018-07-22,"Old Trafford, Manchester",4,52.1,52.1,Lancashire,Yorkshire,MW Parkinson,TE Bailey,JE Root,0,0,,,,,,,,,,,,,
1127646,2018,2018-07-22,"Old Trafford, Manchester",4,52.2,52.2,Lancashire,Yorkshire,MW Parkinson,TE Bailey,JE Root,0,0,,,,,,,,,,,,,
1127646,2018,2018-07-22,"Old Trafford, Manchester",4,52.3,52.3,Lancashire,Yorkshire,MW Parkinson,TE Bailey,JE Root,0,0,,,,,,,,,,,,,
1127646,2018,2018-07-22,"Old Trafford, Manchester",4,52.4,52.4,Lancashire,Yorkshire,MW Parkinson,TE Bailey,JE Root,0,0,,,,,,,caught,MW Parkinson,,,A Lyth,,
1127646,2018,2018-07-22,"Old Trafford, Manchester",4,52.5,52.5,Lancashire,Yorkshire,JM Anderson,TE Bailey,JE Root,0,0,,,,,,,,,,,,,
1127646,2018,2018-07-22,"Old Trafford, Manchester",4,52.6,52.6,Lancashire,Yorkshire,JM Anderson,TE Bailey,JE Root,0,0,,,,,,,,,,,,,
1127646,2018,2018-07-22,"Old Trafford, Manchester",4,53.1,53.1,Lancashire,Yorkshire,TE Bailey,JM Anderson,SA Patterson,0,0,,,,,,,,,,,,,
1127646,2018,2018-07-22,"Old Trafford, Manchester",4,53.2,53.2,Lancashire,Yorkshire,TE Bailey,JM Anderson,SA Patterson,0,0,,,,,,,,,,,,,
1127646,2018,2018-07-22,"Old Trafford, Manchester",4,53.3,53.3,Lancashire,Yorkshire,TE Bailey,JM Anderson,SA Patterson,0,0,,,,,,,,,,,,,
1127646,2018,2018-07-22,"Old Trafford, Manchester",4,53.4,53.4,Lancashire,Yorkshire,TE Bailey,JM Anderson,SA Patterson,1,0,,,,,,,,,,,,,
1127646,2018,2018-07-22,"Old Trafford, Manchester",4,53.5,53.5,Lancashire,Yorkshire,JM Anderson,TE Bailey,SA Patterson,0,0,,,,,,,,,,,,,
1127646,2018,2018-07-22,"Old Trafford, Manchester",4,53.6,53.6,Lancashire,Yorkshire,JM Anderson,TE Bailey,SA Patterson,0,0,,,,,,,,,,,,,
1127646,2018,2018-07-22,"Old Trafford, Manchester",4,54.1,54.1,Lancashire,Yorkshire,TE Bailey,JM Anderson,JE Root,0,0,,,,,,,,,,,,,
1127646,2018,2018-07-22,"Old Trafford, Manchester",4,54.2,54.2,Lancashire,Yorkshire,TE Bailey,JM Anderson,JE Root,0,0,,,,,,,,,,,,,
1127646,2018,2018-07-22,"Old Trafford, Manchester",4,54.3,54.3,Lancashire,Yorkshire,TE Bailey,JM Anderson,JE Root,0,0,,,,,,,,,,,,,
1127646,2018,2018-07-22,"Old Trafford, Manchester",4,54.4,54.4,Lancashire,Yorkshire,TE Bailey,JM Anderson,JE Root,4,0,,,,,,,,,,,,,
1127646,2018,2018-07-22,"Old Trafford, Manchester",4,54.5,54.5,Lancashire,Yorkshire,TE Bailey,JM Anderson,JE Root,0,0,,,,,,,,,,,,,
1127646,2018,2018-07-22,"Old Trafford, Manchester",4,54.6,54.6,Lancashire,Yorkshire,TE Bailey,JM Anderson,JE Root,0,0,,,,,,,,,,,,,
1127646,2018,2018-07-22,"Old Trafford, Manchester",4,55.1,55.1,Lancashire,Yorkshire,JM Anderson,TE Bailey,SA Patterson,0,0,,,,,,,,,,,,,
1127646,2018,2018-07-22,"Old Trafford, Manchester",4,55.2,55.2,Lancashire,Yorkshire,JM Anderson,TE Bailey,SA Patterson,0,0,,,,,,,,,,,,,
1127646,2018,2018-07-22,"Old Trafford, Manchester",4,55.3,55.3,Lancashire,Yorkshire,JM Anderson,TE Bailey,SA Patterson,0,0,,,,,,,,,,,,,
1127646,2018,2018-07-22,"Old Trafford, Manchester",4,55.4,55.4,Lancashire,Yorkshire,JM Anderson,TE Bailey,SA Patterson,0,0,,,,,,,,,,,,,
1127646,2018,2018-07-22,"Old Trafford, Manchester",4,55.5,55.5,Lancashire,Yorkshire,JM Anderson,TE Bailey,SA Patterson,0,0,,,,,,,,,,,,,
1127646,2018,2018-07-22,"Old Trafford, Manchester",4,55.6,55.6,Lancashire,Yorkshire,JM Anderson,TE Bailey,SA Patterson,0,0,,,,,,,,,,,,,
1127646,2018,2018-07-22,"Old Trafford, Manchester",4,56.1,56.1,Lancashire,Yorkshire,TE Bailey,JM Anderson,JE Root,0,0,,,,,,,,,,,,,
1127646,2018,2018-07-22,"Old Trafford, Manchester",4,56.2,56.2,Lancashire,Yorkshire,TE Bailey,JM Anderson,JE Root,0,0,,,,,,,,,,,,,
1127646,2018,2018-07-22,"Old Trafford, Manchester",4,56.3,56.3,Lancashire,Yorkshire,TE Bailey,JM Anderson,JE Root,0,1,,,,1,,,,,,,,,
1127646,2018,2018-07-22,"Old Trafford, Manchester",4,56.4,56.4,Lancashire,Yorkshire,JM Anderson,TE Bailey,JE Root,0,0,,,,,,,,,,,,,
1127646,2018,2018-07-22,"Old Trafford, Manchester",4,56.5,56.5,Lancashire,Yorkshire,JM Anderson,TE Bailey,JE Root,0,0,,,,,,,,,,,,,
1127646,2018,2018-07-22,"Old Trafford, Manchester",4,56.6,56.6,Lancashire,Yorkshire,JM Anderson,TE Bailey,JE Root,0,0,,,,,,,,,,,,,
1127646,2018,2018-07-22,"Old Trafford, Manchester",4,57.1,57.1,Lancashire,Yorkshire,TE Bailey,JM Anderson,SA Patterson,0,0,,,,,,,,,,,,,
1127646,2018,2018-07-22,"Old Trafford, Manchester",4,57.2,57.2,Lancashire,Yorkshire,TE Bailey,JM Anderson,SA Patterson,0,0,,,,,,,,,,,,,
1127646,2018,2018-07-22,"Old Trafford, Manchester",4,57.3,57.3,Lancashire,Yorkshire,TE Bailey,JM Anderson,SA Patterson,0,0,,,,,,,,,,,,,
1127646,2018,2018-07-22,"Old Trafford, Manchester",4,57.4,57.4,Lancashire,Yorkshire,TE Bailey,JM Anderson,SA Patterson,0,0,,,,,,,,,,,,,
1127646,2018,2018-07-22,"Old Trafford, Manchester",4,57.5,57.5,Lancashire,Yorkshire,TE Bailey,JM Anderson,SA Patterson,0,0,,,,,,,,,,,,,
1127646,2018,2018-07-22,"Old Trafford, Manchester",4,57.6,57.6,Lancashire,Yorkshire,TE Bailey,JM Anderson,SA Patterson,0,0,,,,,,,,,,,,,
1127646,2018,2018-07-22,"Old Trafford, Manchester",4,58.1,58.1,Lancashire,Yorkshire,JM Anderson,TE Bailey,JE Root,0,0,,,,,,,,,,,,,
1127646,2018,2018-07-22,"Old Trafford, Manchester",4,58.2,58.2,Lancashire,Yorkshire,JM Anderson,TE Bailey,JE Root,0,0,,,,,,,,,,,,,
1127646,2018,2018-07-22,"Old Trafford, Manchester",4,58.3,58.3,Lancashire,Yorkshire,JM Anderson,TE Bailey,JE Root,0,0,,,,,,,,,,,,,
1127646,2018,2018-07-22,"Old Trafford, Manchester",4,58.4,58.4,Lancashire,Yorkshire,JM Anderson,TE Bailey,JE Root,0,0,,,,,,,,,,,,,
1127646,2018,2018-07-22,"Old Trafford, Manchester",4,58.5,58.5,Lancashire,Yorkshire,JM Anderson,TE Bailey,JE Root,0,0,,,,,,,,,,,,,
1127646,2018,2018-07-22,"Old Trafford, Manchester",4,58.6,58.6,Lancashire,Yorkshire,JM Anderson,TE Bailey,JE Root,0,0,,,,,,,,,,,,,
1127646,2018,2018-07-22,"Old Trafford, Manchester",4,59.1,59.1,Lancashire,Yorkshire,TE Bailey,JM Anderson,SA Patterson,0,0,,,,,,,,,,,,,
1127646,2018,2018-07-22,"Old Trafford, Manchester",4,59.2,59.2,Lancashire,Yorkshire,TE Bailey,JM Anderson,SA Patterson,0,0,,,,,,,,,,,,,
1127646,2018,2018-07-22,"Old Trafford, Manchester",4,59.3,59.3,Lancashire,Yorkshire,TE Bailey,JM Anderson,SA Patterson,0,0,,,,,,,,,,,,,
1127646,2018,2018-07-22,"Old Trafford, Manchester",4,59.4,59.4,Lancashire,Yorkshire,TE Bailey,JM Anderson,SA Patterson,0,0,,,,,,,,,,,,,
1127646,2018,2018-07-22,"Old Trafford, Manchester",4,59.5,59.5,Lancashire,Yorkshire,TE Bailey,JM Anderson,SA Patterson,2,0,,,,,,,,,,,,,
1127646,2018,2018-07-22,"Old Trafford, Manchester",4,59.6,59.6,Lancashire,Yorkshire,TE Bailey,JM Anderson,SA Patterson,0,0,,,,,,,lbw,TE Bailey,,,,,
1127646,2018,2018-07-22,"Old Trafford, Manchester",4,60.1,60.1,Lancashire,Yorkshire,JM Anderson,LS Livingstone,JE Root,0,0,,,,,,,,,,,,,
1127646,2018,2018-07-22,"Old Trafford, Manchester",4,60.2,60.2,Lancashire,Yorkshire,JM Anderson,LS Livingstone,JE Root,0,0,,,,,,,,,,,,,
1127646,2018,2018-07-22,"Old Trafford, Manchester",4,60.3,60.3,Lancashire,Yorkshire,JM Anderson,LS Livingstone,JE Root,0,0,,,,,,,,,,,,,
1127646,2018,2018-07-22,"Old Trafford, Manchester",4,60.4,60.4,Lancashire,Yorkshire,JM Anderson,LS Livingstone,JE Root,0,0,,,,,,,bowled,JM Anderson,,,,,
