match_id,season,start_date,venue,innings,ball,actual_delivery,batting_team,bowling_team,striker,non_striker,bowler,runs_off_bat,extras,wides,noballs,byes,legbyes,penalty,non_boundary,wicket_type,player_dismissed,other_wicket_type,other_player_dismissed,fielder_1,fielder_2,fielder_3
1271397,2021,2021-09-05,"St Lawrence Ground, Canterbury",1,0.1,0.1,Worcestershire,Kent,DKH Mitchell,JD Libby,ME Milnes,0,0,,,,,,,,,,,,,
1271397,2021,2021-09-05,"St Lawrence Ground, Canterbury",1,0.2,0.2,Worcestershire,Kent,DKH Mitchell,JD Libby,ME Milnes,4,0,,,,,,,,,,,,,
1271397,2021,2021-09-05,"St Lawrence Ground, Canterbury",1,0.3,0.3,Worcestershire,Kent,DKH Mitchell,JD Libby,ME Milnes,0,0,,,,,,,,,,,,,
1271397,2021,2021-09-05,"St Lawrence Ground, Canterbury",1,0.4,0.4,Worcestershire,Kent,DKH Mitchell,JD Libby,ME Milnes,0,0,,,,,,,,,,,,,
1271397,2021,2021-09-05,"St Lawrence Ground, Canterbury",1,0.5,0.5,Worcestershire,Kent,DKH Mitchell,JD Libby,ME Milnes,0,0,,,,,,,caught,DKH Mitchell,,,JM Cox,,
1271397,2021,2021-09-05,"St Lawrence Ground, Canterbury",1,0.6,0.6,Worcestershire,Kent,TC Fell,JD Libby,ME Milnes,0,0,,,,,,,,,,,,,
1271397,2021,2021-09-05,"St Lawrence Ground, Canterbury",1,1.1,1.1,Worcestershire,Kent,JD Libby,TC Fell,DI Stevens,0,0,,,,,,,,,,,,,
1271397,2021,2021-09-05,"St Lawrence Ground, Canterbury",1,1.2,1.2,Worcestershire,Kent,JD Libby,TC Fell,DI Stevens,0,0,,,,,,,,,,,,,
1271397,2021,2021-09-05,"St Lawrence Ground, Canterbury",1,1.3,1.3,Worcestershire,Kent,JD Libby,TC Fell,DI Stevens,0,0,,,,,,,,,,,,,
1271397,2021,2021-09-05,"St Lawrence Ground, Canterbury",1,1.4,1.4,Worcestershire,Kent,JD Libby,TC Fell,DI Stevens,1,0,,,,,,,,,,,,,
1271397,2021,2021-09-05,"St Lawrence Ground, Canterbury",1,1.5,1.5,Worcestershire,Kent,TC Fell,JD Libby,DI Stevens,0,0,,,,,,,,,,,,,
1271397,2021,2021-09-05,"St Lawrence Ground, Canterbury",1,1.6,1.6,Worcestershire,Kent,TC Fell,JD Libby,DI Stevens,0,0,,,,,,,,,,,,,
1271397,2021,2021-09-05,"St Lawrence Ground, Canterbury",1,2.1,2.1,Worcestershire,Kent,JD Libby,TC Fell,ME Milnes,0,0,,,,,,,,,,,,,
1271397,2021,2021-09-05,"St Lawrence Ground, Canterbury",1,2.2,2.2,Worcestershire,Kent,JD Libby,TC Fell,ME Milnes,0,0,,,,,,,,,,,,,
1271397,2021,2021-09-05,"St Lawrence Ground, Canterbury",1,2.3,2.3,Worcestershire,Kent,JD Libby,TC Fell,ME Milnes,0,0,,,,,,,,,,,,,
1271397,2021,2021-09-05,"St Lawrence Ground, Canterbury",1,2.4,2.4,Worcestershire,Kent,JD Libby,TC Fell,ME Milnes,0,0,,,,,,,,,,,,,
1271397,2021,2021-09-05,"St Lawrence Ground, Canterbury",1,2.5,2.5,Worcestershire,Kent,JD Libby,TC Fell,ME Milnes,0,0,,,,,,,,,,,,,
1271397,2021,2021-09-05,"St Lawrence Ground, Canterbury",1,2.6,2.6,Worcestershire,Kent,JD Libby,TC Fell,ME Milnes,1,0,,,,,,,,,,,,,
1271397,2021,2021-09-05,"St Lawrence Ground, Canterbury",1,3.1,3.1,Worcestershire,Kent,JD Libby,TC Fell,DI Stevens,0,0,,,,,,,,,,,,,
1271397,2021,2021-09-05,"St Lawrence Ground, Canterbury",1,3.2,3.2,Worcestershire,Kent,JD Libby,TC Fell,DI Stevens,0,0,,,,,,,,,,,,,
1271397,2021,2021-09-05,"St Lawrence Ground, Canterbury",1,3.3,3.3,Worcestershire,Kent,JD Libby,TC Fell,DI Stevens,0,0,,,,,,,,,,,,,
1271397,2021,2021-09-05,"St Lawrence Ground, Canterbury",1,3.4,3.4,Worcestershire,Kent,JD Libby,TC Fell,DI Stevens,0,0,,,,,,,,,,,,,
1271397,2021,2021-09-05,"St Lawrence Ground, Canterbury",1,3.5,3.5,Worcestershire,Kent,JD Libby,TC Fell,DI Stevens,0,0,,,,,,,,,,,,,
1271397,2021,2021-09-05,"St Lawrence Ground, Canterbury",1,3.6,3.6,Worcestershire,Kent,JD Libby,TC Fell,DI Stevens,0,0,,,,,,,,,,,,,
1271397,2021,2021-09-05,"St Lawrence Ground, Canterbury",1,4.1,4.1,Worcestershire,Kent,TC Fell,JD Libby,ME Milnes,0,0,,,,,,,,,,,,,
1271397,2021,2021-09-05,"St Lawrence Ground, Canterbury",1,4.2,4.2,Worcestershire,Kent,TC Fell,JD Libby,ME Milnes,0,0,,,,,,,,,,,,,
1271397,2021,2021-09-05,"St Lawrence Ground, Canterbury",1,4.3,4.3,Worcestershire,Kent,TC Fell,JD Libby,ME Milnes,0,0,,,,,,,,,,,,,
1271397,2021,2021-09-05,"St Lawrence Ground, Canterbury",1,4.4,4.4,Worcestershire,Kent,TC Fell,JD Libby,ME Milnes,0,0,,,,,,,,,,,,,
1271397,2021,2021-09-05,"St Lawrence Ground, Canterbury",1,4.5,4.5,Worcestershire,Kent,TC Fell,JD Libby,ME Milnes,0,0,,,,,,,,,,,,,
1271397,2021,2021-09-05,"St Lawrence Ground, Canterbury",1,4.6,4.6,Worcestershire,Kent,TC Fell,JD Libby,ME Milnes,0,0,,,,,,,,,,,,,
1271397,2021,2021-09-05,"St Lawrence Ground, Canterbury",1,5.1,5.1,Worcestershire,Kent,JD Libby,TC Fell,DI Stevens,0,0,,,,,,,,,,,,,
1271397,2021,2021-09-05,"St Lawrence Ground, Canterbury",1,5.2,5.2,Worcestershire,Kent,JD Libby,TC Fell,DI Stevens,0,0,,,,,,,,,,,,,
1271397,2021,2021-09-05,"St Lawrence Ground, Canterbury",1,5.3,5.3,Worcestershire,Kent,JD Libby,TC Fell,DI Stevens,0,0,,,,,,,,,,,,,
1271397,2021,2021-09-05,"St Lawrence Ground, Canterbury",1,5.4,5.4,Worcestershire,Kent,JD Libby,TC Fell,DI Stevens,0,0,,,,,,,,,,,,,
1271397,2021,2021-09-05,"St Lawrence Ground, Canterbury",1,5.5,5.5,Worcestershire,Kent,JD Libby,TC Fell,DI Stevens,0,0,,,,,,,,,,,,,
1271397,2021,2021-09-05,"St Lawrence Ground, Canterbury",1,5.6,5.6,Worcestershire,Kent,JD Libby,TC Fell,DI Stevens,0,0,,,,,,,,,,,,,
1271397,2021,2021-09-05,"St Lawrence Ground, Canterbury",1,6.1,6.1,Worcestershire,Kent,TC Fell,JD Libby,ME Milnes,0,0,,,,,,,,,,,,,
1271397,2021,2021-09-05,"St Lawrence Ground, Canterbury",1,6.2,6.2,Worcestershire,Kent,TC Fell,JD Libby,ME Milnes,0,0,,,,,,,,,,,,,
1271397,2021,2021-09-05,"St Lawrence Ground, Canterbury",1,6.3,6.3,Worcestershire,Kent,TC Fell,JD Libby,ME Milnes,3,0,,,,,,,,,,,,,
1271397,2021,2021-09-05,"St Lawrence Ground, Canterbury",1,6.4,6.4,Worcestershire,Kent,JD Libby,TC Fell,ME Milnes,0,0,,,,,,,bowled,JD Libby,,,,,
1271397,2021,2021-09-05,"St Lawrence Ground, Canterbury",1,6.5,6.5,Worcestershire,Kent,JA Haynes,TC Fell,ME Milnes,0,0,,,,,,,,,,,,,
1271397,2021,2021-09-05,"St Lawrence Ground, Canterbury",1,6.6,6.6,Worcestershire,Kent,JA Haynes,TC Fell,ME Milnes,2,0,,,,,,,,,,,,,
1271397,2021,2021-09-05,"St Lawrence Ground, Canterbury",1,7.1,7.1,Worcestershire,Kent,TC Fell,JA Haynes,DI Stevens,0,0,,,,,,,,,,,,,
1271397,2021,2021-09-05,"St Lawrence Ground, Canterbury",1,7.2,7.2,Worcestershire,Kent,TC Fell,JA Haynes,DI Stevens,0,0,,,,,,,,,,,,,
1271397,2021,2021-09-05,"St Lawrence Ground, Canterbury",1,7.3,7.3,Worcestershire,Kent,TC Fell,JA Haynes,DI Stevens,0,0,,,,,,,,,,,,,
1271397,2021,2021-09-05,"St Lawrence Ground, Canterbury",1,7.4,7.4,Worcestershire,Kent,TC Fell,JA Haynes,DI Stevens,0,0,,,,,,,,,,,,,
1271397,2021,2021-09-05,"St Lawrence Ground, Canterbury",1,7.5,7.5,Worcestershire,Kent,TC Fell,JA Haynes,DI Stevens,0,0,,,,,,,,,,,,,
1271397,2021,2021-09-05,"St Lawrence Ground, Canterbury",1,7.6,7.6,Worcestershire,Kent,TC Fell,JA Haynes,DI Stevens,0,0,,,,,,,,,,,,,
1271397,2021,2021-09-05,"St Lawrence Ground, Canterbury",1,8.1,8.1,Worcestershire,Kent,JA Haynes,TC Fell,ME Milnes,4,0,,,,,,,,,,,,,
1271397,2021,2021-09-05,"St Lawrence Ground, Canterbury",1,8.2,8.2,Worcestershire,Kent,JA Haynes,TC Fell,ME Milnes,1,0,,,,,,,,,,,,,
1271397,2021,2021-09-05,"St Lawrence Ground, Canterbury",1,8.3,8.3,Worcestershire,Kent,TC Fell,JA Haynes,ME Milnes,0,0,,,,,,,,,,,,,
1271397,2021,2021-09-05,"St Lawrence Ground, Canterbury",1,8.4,8.4,Worcestershire,Kent,TC Fell,JA Haynes,ME Milnes,0,0,,,,,,,,,,,,,
1271397,2021,2021-09-05,"St Lawrence Ground, Canterbury",1,8.5,8.5,Worcestershire,Kent,TC Fell,JA Haynes,ME Milnes,0,0,,,,,,,caught,TC Fell,,,OG Robinson,,
1271397,2021,2021-09-05,"St Lawrence Ground, Canterbury",1,8.6,8.6,Worcestershire,Kent,BL D'Oliveira,JA Haynes,ME Milnes,0,0,,,,,,,,,,,,,
1271397,2021,2021-09-05,"St Lawrence Ground, Canterbury",1,9.1,9.1,Worcestershire,Kent,JA Haynes,BL D'Oliveira,DI Stevens,0,0,,,,,,,,,,,,,
1271397,2021,2021-09-05,"St Lawrence Ground, Canterbury",1,9.2,9.2,Worcestershire,Kent,JA Haynes,BL D'Oliveira,DI Stevens,1,0,,,,,,,,,,,,,
1271397,2021,2021-09-05,"St Lawrence Ground, Canterbury",1,9.3,9.3,Worcestershire,Kent,BL D'Oliveira,JA Haynes,DI Stevens,0,0,,,,,,,,,,,,,
1271397,2021,2021-09-05,"St Lawrence Ground, Canterbury",1,9.4,9.4,Worcestershire,Kent,BL D'Oliveira,JA Haynes,DI Stevens,1,0,,,,,,,,,,,,,
1271397,2021,2021-09-05,"St Lawrence Ground, Canterbury",1,9.5,9.5,Worcestershire,Kent,JA Haynes,BL D'Oliveira,DI Stevens,0,0,,,,,,,,,,,,,
1271397,2021,2021-09-05,"St Lawrence Ground, Canterbury",1,9.6,9.6,Worcestershire,Kent,JA Haynes,BL D'Oliveira,DI Stevens,0,0,,,,,,,,,,,,,
1271397,2021,2021-09-05,"St Lawrence Ground, Canterbury",1,10.1,10.1,Worcestershire,Kent,BL D'Oliveira,JA Haynes,ME Milnes,0,0,,,,,,,,,,,,,
1271397,2021,2021-09-05,"St Lawrence Ground, Canterbury",1,10.2,10.2,Worcestershire,Kent,BL D'Oliveira,JA Haynes,ME Milnes,0,0,,,,,,,lbw,BL D'Oliveira,,,,,
1271397,2021,2021-09-05,"St Lawrence Ground, Canterbury",1,10.3,10.3,Worcestershire,Kent,EG Barnard,JA Haynes,ME Milnes,0,0,,,,,,,,,,,,,
1271397,2021,2021-09-05,"St Lawrence Ground, Canterbury",1,10.4,10.4,Worcestershire,Kent,EG Barnard,JA Haynes,ME Milnes,0,0,,,,,,,,,,,,,
1271397,2021,2021-09-05,"St Lawrence Ground, Canterbury",1,10.5,10.5,Worcestershire,Kent,EG Barnard,JA Haynes,ME Milnes,0,0,,,,,,,,,,,,,
1271397,2021,2021-09-05,"St Lawrence Ground, Canterbury",1,10.6,10.6,Worcestershire,Kent,EG Barnard,JA Haynes,ME Milnes,1,0,,,,,,,,,,,,,
1271397,2021,2021-09-05,"St Lawrence Ground, Canterbury",1,11.1,11.1,Worcestershire,Kent,EG Barnard,JA Haynes,NN Gilchrist,0,0,,,,,,,,,,,,,
1271397,2021,2021-09-05,"St Lawrence Ground, Canterbury",1,11.2,11.2,Worcestershire,Kent,EG Barnard,JA Haynes,NN Gilchrist,1,0,,,,,,,,,,,,,
1271397,2021,2021-09-05,"St Lawrence Ground, Canterbury",1,11.3,11.3,Worcestershire,Kent,JA Haynes,EG Barnard,NN Gilchrist,0,0,,,,,,,,,,,,,
1271397,2021,2021-09-05,"St Lawrence Ground, Canterbury",1,11.4,11.4,Worcestershire,Kent,JA Haynes,EG Barnard,NN Gilchrist,0,0,,,,,,,,,,,,,
1271397,2021,2021-09-05,"St Lawrence Ground, Canterbury",1,11.5,11.5,Worcestershire,Kent,JA Haynes,EG Barnard,NN Gilchrist,0,0,,,,,,,,,,,,,
1271397,2021,2021-09-05,"St Lawrence Ground, Canterbury",1,11.6,11.6,Worcestershire,Kent,JA Haynes,EG Barnard,NN Gilchrist,0,0,,,,,,,,,,,,,
1271397,2021,2021-09-05,"St Lawrence Ground, Canterbury",1,12.1,12.1,Worcestershire,Kent,EG Barnard,JA Haynes,ME Milnes,0,0,,,,,,,,,,,,,
1271397,2021,2021-09-05,"St Lawrence Ground, Canterbury",1,12.2,12.2,Worcestershire,Kent,EG Barnard,JA Haynes,ME Milnes,0,0,,,,,,,,,,,,,
1271397,2021,2021-09-05,"St Lawrence Ground, Canterbury",1,12.3,12.3,Worcestershire,Kent,EG Barnard,JA Haynes,ME Milnes,2,0,,,,,,,,,,,,,
1271397,2021,2021-09-05,"St Lawrence Ground, Canterbury",1,12.4,12.4,Worcestershire,Kent,EG Barnard,JA Haynes,ME Milnes,0,0,,,,,,,,,,,,,
1271397,2021,2021-09-05,"St Lawrence Ground, Canterbury",1,12.5,12.5,Worcestershire,Kent,EG Barnard,JA Haynes,ME Milnes,0,0,,,,,,,,,,,,,
1271397,2021,2021-09-05,"St Lawrence Ground, Canterbury",1,12.6,12.6,Worcestershire,Kent,EG Barnard,JA Haynes,ME Milnes,0,0,,,,,,,,,,,,,
1271397,2021,2021-09-05,"St Lawrence Ground, Canterbury",1,13.1,13.1,Worcestershire,Kent,JA Haynes,EG Barnard,NN Gilchrist,0,0,,,,,,,,,,,,,
1271397,2021,2021-09-05,"St Lawrence Ground, Canterbury",1,13.2,13.2,Worcestershire,Kent,JA Haynes,EG Barnard,NN Gilchrist,0,0,,,,,,,,,,,,,
1271397,2021,2021-09-05,"St Lawrence Ground, Canterbury",1,13.3,13.3,Worcestershire,Kent,JA Haynes,EG Barnard,NN Gilchrist,0,0,,,,,,,,,,,,,
1271397,2021,2021-09-05,"St Lawrence Ground, Canterbury",1,13.4,13.4,Worcestershire,Kent,JA Haynes,EG Barnard,NN Gilchrist,0,0,,,,,,,,,,,,,
1271397,2021,2021-09-05,"St Lawrence Ground, Canterbury",1,13.5,13.5,Worcestershire,Kent,JA Haynes,EG Barnard,NN Gilchrist,0,0,,,,,,,,,,,,,
1271397,2021,2021-09-05,"St Lawrence Ground, Canterbury",1,13.6,13.6,Worcestershire,Kent,JA Haynes,EG Barnard,NN Gilchrist,0,0,,,,,,,,,,,,,
1271397,2021,2021-09-05,"St Lawrence Ground, Canterbury",1,14.1,14.1,Worcestershire,Kent,EG Barnard,JA Haynes,G Stewart,0,0,,,,,,,,,,,,,
1271397,2021,2021-09-05,"St Lawrence Ground, Canterbury",1,14.2,14.2,Worcestershire,Kent,EG Barnard,JA Haynes,G Stewart,2,0,,,,,,,,,,,,,
1271397,2021,2021-09-05,"St Lawrence Ground, Canterbury",1,14.3,14.3,Worcestershire,Kent,EG Barnard,JA Haynes,G Stewart,0,0,,,,,,,,,,,,,
1271397,2021,2021-09-05,"St Lawrence Ground, Canterbury",1,14.4,14.4,Worcestershire,Kent,EG Barnard,JA Haynes,G Stewart,1,0,,,,,,,,,,,,,
1271397,2021,2021-09-05,"St Lawrence Ground, Canterbury",1,14.5,14.5,Worcestershire,Kent,JA Haynes,EG Barnard,G Stewart,0,0,,,,,,,,,,,,,
1271397,2021,2021-09-05,"St Lawrence Ground, Canterbury",1,14.6,14.6,Worcestershire,Kent,JA Haynes,EG Barnard,G Stewart,0,0,,,,,,,,,,,,,
1271397,2021,2021-09-05,"St Lawrence Ground, Canterbury",1,15.1,15.1,Worcestershire,Kent,EG Barnard,JA Haynes,NN Gilchrist,0,0,,,,,,,,,,,,,
1271397,2021,2021-09-05,"St Lawrence Ground, Canterbury",1,15.2,15.2,Worcestershire,Kent,EG Barnard,JA Haynes,NN Gilchrist,0,0,,,,,,,,,,,,,
1271397,2021,2021-09-05,"St Lawrence Ground, Canterbury",1,15.3,15.3,Worcestershire,Kent,EG Barnard,JA Haynes,NN Gilchrist,2,0,,,,,,,,,,,,,
1271397,2021,2021-09-05,"St Lawrence Ground, Canterbury",1,15.4,15.4,Worcestershire,Kent,EG Barnard,JA Haynes,NN Gilchrist,0,0,,,,,,,,,,,,,
1271397,2021,2021-09-05,"St Lawrence Ground, Canterbury",1,15.5,15.5,Worcestershire,Kent,EG Barnard,JA Haynes,NN Gilchrist,0,0,,,,,,,,,,,,,
1271397,2021,2021-09-05,"St Lawrence Ground, Canterbury",1,15.6,15.6,Worcestershire,Kent,EG Barnard,JA Haynes,NN Gilchrist,1,0,,,,,,,,,,,,,
1271397,2021,2021-09-05,"St Lawrence Ground, Canterbury",1,16.1,16.1,Worcestershire,Kent,EG Barnard,JA Haynes,G Stewart,2,0,,,,,,,,,,,,,
1271397,2021,2021-09-05,"St Lawrence Ground, Canterbury",1,16.2,16.2,Worcestershire,Kent,EG Barnard,JA Haynes,G Stewart,0,0,,,,,,,,,,,,,
1271397,2021,2021-09-05,"St Lawrence Ground, Canterbury",1,16.3,16.3,Worcestershire,Kent,EG Barnard,JA Haynes,G Stewart,0,0,,,,,,,,,,,,,
1271397,2021,2021-09-05,"St Lawrence Ground, Canterbury",1,16.4,16.4,Worcestershire,Kent,EG Barnard,JA Haynes,G Stewart,0,0,,,,,,,,,,,,,
1271397,2021,2021-09-05,"St Lawrence Ground, Canterbury",1,16.5,16.5,Worcestershire,Kent,EG Barnard,JA Haynes,G Stewart,0,0,,,,,,,,,,,,,
1271397,2021,2021-09-05,"St Lawrence Ground, Canterbury",1,16.6,16.6,Worcestershire,Kent,EG Barnard,JA Haynes,G Stewart,2,0,,,,,,,,,,,,,
1271397,2021,2021-09-05,"St Lawrence Ground, Canterbury",1,17.1,17.1,Worcestershire,Kent,JA Haynes,EG Barnard,NN Gilchrist,0,0,,,,,,,,,,,,,
1271397,2021,2021-09-05,"St Lawrence Ground, Canterbury",1,17.2,17.2,Worcestershire,Kent,JA Haynes,EG Barnard,NN Gilchrist,0,0,,,,,,,,,,,,,
1271397,2021,2021-09-05,"St Lawrence Ground, Canterbury",1,17.3,17.3,Worcestershire,Kent,JA Haynes,EG Barnard,NN Gilchrist,0,0,,,,,,,,,,,,,
1271397,2021,2021-09-05,"St Lawrence Ground, Canterbury",1,17.4,17.4,Worcestershire,Kent,JA Haynes,EG Barnard,NN Gilchrist,0,0,,,,,,,bowled,JA Haynes,,,,,
1271397,2021,2021-09-05,"St Lawrence Ground, Canterbury",1,17.5,17.5,Worcestershire,Kent,OB Cox,EG Barnard,NN Gilchrist,0,0,,,,,,,,,,,,,
1271397,2021,2021-09-05,"St Lawrence Ground, Canterbury",1,17.6,17.6,Worcestershire,Kent,OB Cox,EG Barnard,NN Gilchrist,0,0,,,,,,,,,,,,,
1271397,2021,2021-09-05,"St Lawrence Ground, Canterbury",1,18.1,18.1,Worcestershire,Kent,EG Barnard,OB Cox,G Stewart,3,0,,,,,,,,,,,,,
1271397,2021,2021-09-05,"St Lawrence Ground, Canterbury",1,18.2,18.2,Worcestershire,Kent,OB Cox,EG Barnard,G Stewart,1,0,,,,,,,,,,,,,
1271397,2021,2021-09-05,"St Lawrence Ground, Canterbury",1,18.3,18.3,Worcestershire,Kent,EG Barnard,OB Cox,G Stewart,1,0,,,,,,,,,,,,,
1271397,2021,2021-09-05,"St Lawrence Ground, Canterbury",1,18.4,18.4,Worcestershire,Kent,OB Cox,EG Barnard,G Stewart,0,0,,,,,,,,,,,,,
1271397,2021,2021-09-05,"St Lawrence Ground, Canterbury",1,18.5,18.5,Worcestershire,Kent,OB Cox,EG Barnard,G Stewart,0,0,,,,,,,,,,,,,
1271397,2021,2021-09-05,"St Lawrence Ground, Canterbury",1,18.6,18.6,Worcestershire,Kent,OB Cox,EG Barnard,G Stewart,0,0,,,,,,,,,,,,,
1271397,2021,2021-09-05,"St Lawrence Ground, Canterbury",1,19.1,19.1,Worcestershire,Kent,EG Barnard,OB Cox,NN Gilchrist,4,0,,,,,,,,,,,,,
1271397,2021,2021-09-05,"St Lawrence Ground, Canterbury",1,19.2,19.2,Worcestershire,Kent,EG Barnard,OB Cox,NN Gilchrist,0,0,,,,,,,,,,,,,
1271397,2021,2021-09-05,"St Lawrence Ground, Canterbury",1,19.3,19.3,Worcestershire,Kent,EG Barnard,OB Cox,NN Gilchrist,0,0,,,,,,,,,,,,,
1271397,2021,2021-09-05,"St Lawrence Ground, Canterbury",1,19.4,19.4,Worcestershire,Kent,EG Barnard,OB Cox,NN Gilchrist,1,0,,,,,,,,,,,,,
1271397,2021,2021-09-05,"St Lawrence Ground, Canterbury",1,19.5,19.5,Worcestershire,Kent,OB Cox,EG Barnard,NN Gilchrist,0,0,,,,,,,,,,,,,
1271397,2021,2021-09-05,"St Lawrence Ground, Canterbury",1,19.6,19.6,Worcestershire,Kent,OB Cox,EG Barnard,NN Gilchrist,1,0,,,,,,,,,,,,,
1271397,2021,2021-09-05,"St Lawrence Ground, Canterbury",1,20.1,20.1,Worcestershire,Kent,OB Cox,EG Barnard,DI Stevens,0,0,,,,,,,,,,,,,
1271397,2021,2021-09-05,"St Lawrence Ground, Canterbury",1,20.2,20.2,Worcestershire,Kent,OB Cox,EG Barnard,DI Stevens,0,0,,,,,,,,,,,,,
1271397,2021,2021-09-05,"St Lawrence Ground, Canterbury",1,20.3,20.3,Worcestershire,Kent,OB Cox,EG Barnard,DI Stevens,0,0,,,,,,,,,,,,,
1271397,2021,2021-09-05,"St Lawrence Ground, Canterbury",1,20.4,20.4,Worcestershire,Kent,OB Cox,EG Barnard,DI Stevens,2,0,,,,,,,,,,,,,
1271397,2021,2021-09-05,"St Lawrence Ground, Canterbury",1,20.5,20.5,Worcestershire,Kent,OB Cox,EG Barnard,DI Stevens,3,0,,,,,,,,,,,,,
1271397,2021,2021-09-05,"St Lawrence Ground, Canterbury",1,20.6,20.6,Worcestershire,Kent,EG Barnard,OB Cox,DI Stevens,0,0,,,,,,,,,,,,,
1271397,2021,2021-09-05,"St Lawrence Ground, Canterbury",1,21.1,21.1,Worcestershire,Kent,OB Cox,EG Barnard,NN Gilchrist,0,0,,,,,,,,,,,,,
1271397,2021,2021-09-05,"St Lawrence Ground, Canterbury",1,21.2,21.2,Worcestershire,Kent,OB Cox,EG Barnard,NN Gilchrist,0,0,,,,,,,,,,,,,
1271397,2021,2021-09-05,"St Lawrence Ground, Canterbury",1,21.3,21.3,Worcestershire,Kent,OB Cox,EG Barnard,NN Gilchrist,0,0,,,,,,,,,,,,,
1271397,2021,2021-09-05,"St Lawrence Ground, Canterbury",1,21.4,21.4,Worcestershire,Kent,OB Cox,EG Barnard,NN Gilchrist,0,0,,,,,,,,,,,,,
1271397,2021,2021-09-05,"St Lawrence Ground, Canterbury",1,21.5,21.5,Worcestershire,Kent,OB Cox,EG Barnard,NN Gilchrist,0,0,,,,,,,,,,,,,
1271397,2021,2021-09-05,"St Lawrence Ground, Canterbury",1,21.6,21.6,Worcestershire,Kent,OB Cox,EG Barnard,NN Gilchrist,4,0,,,,,,,,,,,,,
1271397,2021,2021-09-05,"St Lawrence Ground, Canterbury",1,22.1,22.1,Worcestershire,Kent,EG Barnard,OB Cox,DI Stevens,0,0,,,,,,,,,,,,,
1271397,2021,2021-09-05,"St Lawrence Ground, Canterbury",1,22.2,22.2,Worcestershire,Kent,EG Barnard,OB Cox,DI Stevens,2,0,,,,,,,,,,,,,
1271397,2021,2021-09-05,"St Lawrence Ground, Canterbury",1,22.3,22.3,Worcestershire,Kent,EG Barnard,OB Cox,DI Stevens,0,0,,,,,,,caught,EG Barnard,,,OG Robinson,,
1271397,2021,2021-09-05,"St Lawrence Ground, Canterbury",1,22.4,22.4,Worcestershire,Kent,J Leach,OB Cox,DI Stevens,0,0,,,,,,,,,,,,,
1271397,2021,2021-09-05,"St Lawrence Ground, Canterbury",1,22.5,22.5,Worcestershire,Kent,J Leach,OB Cox,DI Stevens,0,0,,,,,,,,,,,,,
1271397,2021,2021-09-05,"St Lawrence Ground, Canterbury",1,22.6,22.6,Worcestershire,Kent,J Leach,OB Cox,DI Stevens,0,0,,,,,,,,,,,,,
1271397,2021,2021-09-05,"St Lawrence Ground, Canterbury",1,23.1,23.1,Worcestershire,Kent,OB Cox,J Leach,G Stewart,0,0,,,,,,,,,,,,,
1271397,2021,2021-09-05,"St Lawrence Ground, Canterbury",1,23.2,23.2,Worcestershire,Kent,OB Cox,J Leach,G Stewart,0,0,,,,,,,,,,,,,
1271397,2021,2021-09-05,"St Lawrence Ground, Canterbury",1,23.3,23.3,Worcestershire,Kent,OB Cox,J Leach,G Stewart,0,0,,,,,,,,,,,,,
1271397,2021,2021-09-05,"St Lawrence Ground, Canterbury",1,23.4,23.4,Worcestershire,Kent,OB Cox,J Leach,G Stewart,0,0,,,,,,,,,,,,,
1271397,2021,2021-09-05,"St Lawrence Ground, Canterbury",1,23.5,23.5,Worcestershire,Kent,OB Cox,J Leach,G Stewart,0,0,,,,,,,,,,,,,
1271397,2021,2021-09-05,"St Lawrence Ground, Canterbury",1,23.6,23.6,Worcestershire,Kent,OB Cox,J Leach,G Stewart,4,0,,,,,,,,,,,,,
1271397,2021,2021-09-05,"St Lawrence Ground, Canterbury",1,24.1,24.1,Worcestershire,Kent,J Leach,OB Cox,DI Stevens,0,0,,,,,,,,,,,,,
1271397,2021,2021-09-05,"St Lawrence Ground, Canterbury",1,24.2,24.2,Worcestershire,Kent,J Leach,OB Cox,DI Stevens,4,0,,,,,,,,,,,,,
1271397,2021,2021-09-05,"St Lawrence Ground, Canterbury",1,24.3,24.3,Worcestershire,Kent,J Leach,OB Cox,DI Stevens,0,0,,,,,,,,,,,,,
1271397,2021,2021-09-05,"St Lawrence Ground, Canterbury",1,24.4,24.4,Worcestershire,Kent,J Leach,OB Cox,DI Stevens,1,0,,,,,,,,,,,,,
1271397,2021,2021-09-05,"St Lawrence Ground, Canterbury",1,24.5,24.5,Worcestershire,Kent,OB Cox,J Leach,DI Stevens,0,0,,,,,,,,,,,,,
1271397,2021,2021-09-05,"St Lawrence Ground, Canterbury",1,24.6,24.6,Worcestershire,Kent,OB Cox,J Leach,DI Stevens,0,0,,,,,,,,,,,,,
1271397,2021,2021-09-05,"St Lawrence Ground, Canterbury",1,25.1,25.1,Worcestershire,Kent,J Leach,OB Cox,G Stewart,0,0,,,,,,,,,,,,,
1271397,2021,2021-09-05,"St Lawrence Ground, Canterbury",1,25.2,25.2,Worcestershire,Kent,J Leach,OB Cox,G Stewart,4,0,,,,,,,,,,,,,
1271397,2021,2021-09-05,"St Lawrence Ground, Canterbury",1,25.3,25.3,Worcestershire,Kent,J Leach,OB Cox,G Stewart,4,0,,,,,,,,,,,,,
1271397,2021,2021-09-05,"St Lawrence Ground, Canterbury",1,25.4,25.4,Worcestershire,Kent,J Leach,OB Cox,G Stewart,0,0,,,,,,,,,,,,,
1271397,2021,2021-09-05,"St Lawrence Ground, Canterbury",1,25.5,25.5,Worcestershire,Kent,J Leach,OB Cox,G Stewart,0,0,,,,,,,,,,,,,
1271397,2021,2021-09-05,"St Lawrence Ground, Canterbury",1,25.6,25.6,Worcestershire,Kent,J Leach,OB Cox,G Stewart,4,0,,,,,,,,,,,,,
1271397,2021,2021-09-05,"St Lawrence Ground, Canterbury",1,26.1,26.1,Worcestershire,Kent,OB Cox,J Leach,DI Stevens,2,0,,,,,,,,,,,,,
1271397,2021,2021-09-05,"St Lawrence Ground, Canterbury",1,26.2,26.2,Worcestershire,Kent,OB Cox,J Leach,DI Stevens,0,0,,,,,,,,,,,,,
1271397,2021,2021-09-05,"St Lawrence Ground, Canterbury",1,26.3,26.3,Worcestershire,Kent,OB Cox,J Leach,DI Stevens,2,0,,,,,,,,,,,,,
1271397,2021,2021-09-05,"St Lawrence Ground, Canterbury",1,26.4,26.4,Worcestershire,Kent,OB Cox,J Leach,DI Stevens,0,0,,,,,,,,,,,,,
1271397,2021,2021-09-05,"St Lawrence Ground, Canterbury",1,26.5,26.5,Worcestershire,Kent,OB Cox,J Leach,DI Stevens,0,0,,,,,,,,,,,,,
1271397,2021,2021-09-05,"St Lawrence Ground, Canterbury",1,26.6,26.6,Worcestershire,Kent,OB Cox,J Leach,DI Stevens,0,0,,,,,,,,,,,,,
1271397,2021,2021-09-05,"St Lawrence Ground, Canterbury",1,27.1,27.1,Worcestershire,Kent,J Leach,OB Cox,G Stewart,2,0,,,,,,,,,,,,,
1271397,2021,2021-09-05,"St Lawrence Ground, Canterbury",1,27.2,27.2,Worcestershire,Kent,J Leach,OB Cox,G Stewart,0,0,,,,,,,,,,,,,
1271397,2021,2021-09-05,"St Lawrence Ground, Canterbury",1,27.3,27.3,Worcestershire,Kent,J Leach,OB Cox,G Stewart,0,1,,,,1,,,,,,,,,
1271397,2021,2021-09-05,"St Lawrence Ground, Canterbury",1,27.4,27.4,Worcestershire,Kent,OB Cox,J Leach,G Stewart,1,0,,,,,,,,,,,,,
1271397,2021,2021-09-05,"St Lawrence Ground, Canterbury",1,27.5,27.5,Worcestershire,Kent,J Leach,OB Cox,G Stewart,0,0,,,,,,,,,,,,,
1271397,2021,2021-09-05,"St Lawrence Ground, Canterbury",1,27.6,27.6,Worcestershire,Kent,J Leach,OB Cox,G Stewart,4,2,,2,,,,,,,,,,,
1271397,2021,2021-09-05,"St Lawrence Ground, Canterbury",1,27.7,27.6,Worcestershire,Kent,J Leach,OB Cox,G Stewart,2,0,,,,,,,,,,,,,
1271397,2021,2021-09-05,"St Lawrence Ground, Canterbury",1,28.1,28.1,Worcestershire,Kent,OB Cox,J Leach,DI Stevens,0,0,,,,,,,,,,,,,
1271397,2021,2021-09-05,"St Lawrence Ground, Canterbury",1,28.2,28.2,Worcestershire,Kent,OB Cox,J Leach,DI Stevens,0,0,,,,,,,,,,,,,
1271397,2021,2021-09-05,"St Lawrence Ground, Canterbury",1,28.3,28.3,Worcestershire,Kent,OB Cox,J Leach,DI Stevens,0,0,,,,,,,,,,,,,
1271397,2021,2021-09-05,"St Lawrence Ground, Canterbury",1,28.4,28.4,Worcestershire,Kent,OB Cox,J Leach,DI Stevens,0,0,,,,,,,,,,,,,
1271397,2021,2021-09-05,"St Lawrence Ground, Canterbury",1,28.5,28.5,Worcestershire,Kent,OB Cox,J Leach,DI Stevens,0,0,,,,,,,,,,,,,
1271397,2021,2021-09-05,"St Lawrence Ground, Canterbury",1,28.6,28.6,Worcestershire,Kent,OB Cox,J Leach,DI Stevens,0,0,,,,,,,,,,,,,
1271397,2021,2021-09-05,"St Lawrence Ground, Canterbury",1,29.1,29.1,Worcestershire,Kent,J Leach,OB Cox,NN Gilchrist,0,0,,,,,,,,,,,,,
1271397,2021,2021-09-05,"St Lawrence Ground, Canterbury",1,29.2,29.2,Worcestershire,Kent,J Leach,OB Cox,NN Gilchrist,2,0,,,,,,,,,,,,,
1271397,2021,2021-09-05,"St Lawrence Ground, Canterbury",1,29.3,29.3,Worcestershire,Kent,J Leach,OB Cox,NN Gilchrist,0,0,,,,,,,,,,,,,
1271397,2021,2021-09-05,"St Lawrence Ground, Canterbury",1,29.4,29.4,Worcestershire,Kent,J Leach,OB Cox,NN Gilchrist,0,0,,,,,,,,,,,,,
1271397,2021,2021-09-05,"St Lawrence Ground, Canterbury",1,29.5,29.5,Worcestershire,Kent,J Leach,OB Cox,NN Gilchrist,0,0,,,,,,,,,,,,,
1271397,2021,2021-09-05,"St Lawrence Ground, Canterbury",1,29.6,29.6,Worcestershire,Kent,J Leach,OB Cox,NN Gilchrist,0,0,,,,,,,,,,,,,
1271397,2021,2021-09-05,"St Lawrence Ground, Canterbury",1,30.1,30.1,Worcestershire,Kent,OB Cox,J Leach,ME Milnes,0,0,,,,,,,,,,,,,
1271397,2021,2021-09-05,"St Lawrence Ground, Canterbury",1,30.2,30.2,Worcestershire,Kent,OB Cox,J Leach,ME Milnes,1,0,,,,,,,,,,,,,
1271397,2021,2021-09-05,"St Lawrence Ground, Canterbury",1,30.3,30.3,Worcestershire,Kent,J Leach,OB Cox,ME Milnes,0,0,,,,,,,,,,,,,
1271397,2021,2021-09-05,"St Lawrence Ground, Canterbury",1,30.4,30.4,Worcestershire,Kent,J Leach,OB Cox,ME Milnes,0,0,,,,,,,,,,,,,
1271397,2021,2021-09-05,"St Lawrence Ground, Canterbury",1,30.5,30.5,Worcestershire,Kent,J Leach,OB Cox,ME Milnes,2,0,,,,,,,,,,,,,
1271397,2021,2021-09-05,"St Lawrence Ground, Canterbury",1,30.6,30.6,Worcestershire,Kent,J Leach,OB Cox,ME Milnes,0,0,,,,,,,,,,,,,
1271397,2021,2021-09-05,"St Lawrence Ground, Canterbury",1,31.1,31.1,Worcestershire,Kent,OB Cox,J Leach,NN Gilchrist,0,0,,,,,,,,,,,,,
1271397,2021,2021-09-05,"St Lawrence Ground, Canterbury",1,31.2,31.2,Worcestershire,Kent,OB Cox,J Leach,NN Gilchrist,0,2,,2,,,,,,,,,,,
1271397,2021,2021-09-05,"St Lawrence Ground, Canterbury",1,31.3,31.2,Worcestershire,Kent,OB Cox,J Leach,NN Gilchrist,0,0,,,,,,,,,,,,,
1271397,2021,2021-09-05,"St Lawrence Ground, Canterbury",1,31.4,31.3,Worcestershire,Kent,OB Cox,J Leach,NN Gilchrist,4,0,,,,,,,,,,,,,
1271397,2021,2021-09-05,"St Lawrence Ground, Canterbury",1,31.5,31.4,Worcestershire,Kent,OB Cox,J Leach,NN Gilchrist,0,0,,,,,,,,,,,,,
1271397,2021,2021-09-05,"St Lawrence Ground, Canterbury",1,31.6,31.5,Worcestershire,Kent,OB Cox,J Leach,NN Gilchrist,0,0,,,,,,,,,,,,,
1271397,2021,2021-09-05,"St Lawrence Ground, Canterbury",1,31.7,31.6,Worcestershire,Kent,OB Cox,J Leach,NN Gilchrist,0,0,,,,,,,,,,,,,
1271397,2021,2021-09-05,"St Lawrence Ground, Canterbury",1,32.1,32.1,Worcestershire,Kent,J Leach,OB Cox,ME Milnes,4,0,,,,,,,,,,,,,
1271397,2021,2021-09-05,"St Lawrence Ground, Canterbury",1,32.2,32.2,Worcestershire,Kent,J Leach,OB Cox,ME Milnes,1,0,,,,,,,,,,,,,
1271397,2021,2021-09-05,"St Lawrence Ground, Canterbury",1,32.3,32.3,Worcestershire,Kent,OB Cox,J Leach,ME Milnes,0,0,,,,,,,,,,,,,
1271397,2021,2021-09-05,"St Lawrence Ground, Canterbury",1,32.4,32.4,Worcestershire,Kent,OB Cox,J Leach,ME Milnes,0,0,,,,,,,,,,,,,
1271397,2021,2021-09-05,"St Lawrence Ground, Canterbury",1,32.5,32.5,Worcestershire,Kent,OB Cox,J Leach,ME Milnes,1,0,,,,,,,,,,,,,
1271397,2021,2021-09-05,"St Lawrence Ground, Canterbury",1,32.6,32.6,Worcestershire,Kent,J Leach,OB Cox,ME Milnes,0,0,,,,,,,,,,,,,
1271397,2021,2021-09-05,"St Lawrence Ground, Canterbury",1,33.1,33.1,Worcestershire,Kent,OB Cox,J Leach,NN Gilchrist,2,0,,,,,,,,,,,,,
1271397,2021,2021-09-05,"St Lawrence Ground, Canterbury",1,33.2,33.2,Worcestershire,Kent,OB Cox,J Leach,NN Gilchrist,4,0,,,,,,,,,,,,,
1271397,2021,2021-09-05,"St Lawrence Ground, Canterbury",1,33.3,33.3,Worcestershire,Kent,OB Cox,J Leach,NN Gilchrist,1,0,,,,,,,,,,,,,
1271397,2021,2021-09-05,"St Lawrence Ground, Canterbury",1,33.4,33.4,Worcestershire,Kent,J Leach,OB Cox,NN Gilchrist,4,0,,,,,,,,,,,,,
1271397,2021,2021-09-05,"St Lawrence Ground, Canterbury",1,33.5,33.5,Worcestershire,Kent,J Leach,OB Cox,NN Gilchrist,0,0,,,,,,,,,,,,,
1271397,2021,2021-09-05,"St Lawrence Ground, Canterbury",1,33.6,33.6,Worcestershire,Kent,J Leach,OB Cox,NN Gilchrist,0,0,,,,,,,,,,,,,
1271397,2021,2021-09-05,"St Lawrence Ground, Canterbury",1,34.1,34.1,Worcestershire,Kent,OB Cox,J Leach,ME Milnes,0,0,,,,,,,,,,,,,
1271397,2021,2021-09-05,"St Lawrence Ground, Canterbury",1,34.2,34.2,Worcestershire,Kent,OB Cox,J Leach,ME Milnes,0,0,,,,,,,,,,,,,
1271397,2021,2021-09-05,"St Lawrence Ground, Canterbury",1,34.3,34.3,Worcestershire,Kent,OB Cox,J Leach,ME Milnes,0,0,,,,,,,,,,,,,
1271397,2021,2021-09-05,"St Lawrence Ground, Canterbury",1,34.4,34.4,Worcestershire,Kent,OB Cox,J Leach,ME Milnes,0,0,,,,,,,,,,,,,
1271397,2021,2021-09-05,"St Lawrence Ground, Canterbury",1,34.5,34.5,Worcestershire,Kent,OB Cox,J Leach,ME Milnes,0,0,,,,,,,,,,,,,
1271397,2021,2021-09-05,"St Lawrence Ground, Canterbury",1,34.6,34.6,Worcestershire,Kent,OB Cox,J Leach,ME Milnes,0,0,,,,,,,,,,,,,
1271397,2021,2021-09-05,"St Lawrence Ground, Canterbury",1,35.1,35.1,Worcestershire,Kent,J Leach,OB Cox,NN Gilchrist,0,0,,,,,,,bowled,J Leach,,,,,
1271397,2021,2021-09-05,"St Lawrence Ground, Canterbury",1,35.2,35.2,Worcestershire,Kent,JO Baker,OB Cox,NN Gilchrist,0,0,,,,,,,,,,,,,
1271397,2021,2021-09-05,"St Lawrence Ground, Canterbury",1,35.3,35.3,Worcestershire,Kent,JO Baker,OB Cox,NN Gilchrist,0,0,,,,,,,bowled,JO Baker,,,,,
1271397,2021,2021-09-05,"St Lawrence Ground, Canterbury",1,35.4,35.4,Worcestershire,Kent,DY Pennington,OB Cox,NN Gilchrist,0,0,,,,,,,,,,,,,
1271397,2021,2021-09-05,"St Lawrence Ground, Canterbury",1,35.5,35.5,Worcestershire,Kent,DY Pennington,OB Cox,NN Gilchrist,1,0,,,,,,,,,,,,,
1271397,2021,2021-09-05,"St Lawrence Ground, Canterbury",1,35.6,35.6,Worcestershire,Kent,OB Cox,DY Pennington,NN Gilchrist,0,0,,,,,,,,,,,,,
1271397,2021,2021-09-05,"St Lawrence Ground, Canterbury",1,36.1,36.1,Worcestershire,Kent,DY Pennington,OB Cox,ME Milnes,0,0,,,,,,,,,,,,,
1271397,2021,2021-09-05,"St Lawrence Ground, Canterbury",1,36.2,36.2,Worcestershire,Kent,DY Pennington,OB Cox,ME Milnes,0,1,,,,1,,,,,,,,,
1271397,2021,2021-09-05,"St Lawrence Ground, Canterbury",1,36.3,36.3,Worcestershire,Kent,OB Cox,DY Pennington,ME Milnes,0,0,,,,,,,,,,,,,
1271397,2021,2021-09-05,"St Lawrence Ground, Canterbury",1,36.4,36.4,Worcestershire,Kent,OB Cox,DY Pennington,ME Milnes,0,0,,,,,,,,,,,,,
1271397,2021,2021-09-05,"St Lawrence Ground, Canterbury",1,36.5,36.5,Worcestershire,Kent,OB Cox,DY Pennington,ME Milnes,0,0,,,,,,,,,,,,,
1271397,2021,2021-09-05,"St Lawrence Ground, Canterbury",1,36.6,36.6,Worcestershire,Kent,OB Cox,DY Pennington,ME Milnes,0,0,,,,,,,,,,,,,
1271397,2021,2021-09-05,"St Lawrence Ground, Canterbury",1,37.1,37.1,Worcestershire,Kent,DY Pennington,OB Cox,NN Gilchrist,0,0,,,,,,,,,,,,,
1271397,2021,2021-09-05,"St Lawrence Ground, Canterbury",1,37.2,37.2,Worcestershire,Kent,DY Pennington,OB Cox,NN Gilchrist,0,0,,,,,,,,,,,,,
1271397,2021,2021-09-05,"St Lawrence Ground, Canterbury",1,37.3,37.3,Worcestershire,Kent,DY Pennington,OB Cox,NN Gilchrist,0,0,,,,,,,,,,,,,
1271397,2021,2021-09-05,"St Lawrence Ground, Canterbury",1,37.4,37.4,Worcestershire,Kent,DY Pennington,OB Cox,NN Gilchrist,2,0,,,,,,,,,,,,,
1271397,2021,2021-09-05,"St Lawrence Ground, Canterbury",1,37.5,37.5,Worcestershire,Kent,DY Pennington,OB Cox,NN Gilchrist,0,0,,,,,,,lbw,DY Pennington,,,,,
1271397,2021,2021-09-05,"St Lawrence Ground, Canterbury",1,37.6,37.6,Worcestershire,Kent,AW Finch,OB Cox,NN Gilchrist,0,0,,,,,,,,,,,,,
1271397,2021,2021-09-05,"St Lawrence Ground, Canterbury",1,38.1,38.1,Worcestershire,Kent,OB Cox,AW Finch,ME Milnes,0,0,,,,,,,,,,,,,
1271397,2021,2021-09-05,"St Lawrence Ground, Canterbury",1,38.2,38.2,Worcestershire,Kent,OB Cox,AW Finch,ME Milnes,0,0,,,,,,,,,,,,,
1271397,2021,2021-09-05,"St Lawrence Ground, Canterbury",1,38.3,38.3,Worcestershire,Kent,OB Cox,AW Finch,ME Milnes,0,0,,,,,,,,,,,,,
1271397,2021,2021-09-05,"St Lawrence Ground, Canterbury",1,38.4,38.4,Worcestershire,Kent,OB Cox,AW Finch,ME Milnes,2,0,,,,,,,,,,,,,
1271397,2021,2021-09-05,"St Lawrence Ground, Canterbury",1,38.5,38.5,Worcestershire,Kent,OB Cox,AW Finch,ME Milnes,0,0,,,,,,,,,,,,,
1271397,2021,2021-09-05,"St Lawrence Ground, Canterbury",1,38.6,38.6,Worcestershire,Kent,OB Cox,AW Finch,ME Milnes,6,0,,,,,,,,,,,,,
1271397,2021,2021-09-05,"St Lawrence Ground, Canterbury",1,39.1,39.1,Worcestershire,Kent,AW Finch,OB Cox,NN Gilchrist,0,0,,,,,,,,,,,,,
1271397,2021,2021-09-05,"St Lawrence Ground, Canterbury",1,39.2,39.2,Worcestershire,Kent,AW Finch,OB Cox,NN Gilchrist,0,0,,,,,,,,,,,,,
1271397,2021,2021-09-05,"St Lawrence Ground, Canterbury",1,39.3,39.3,Worcestershire,Kent,AW Finch,OB Cox,NN Gilchrist,2,0,,,,,,,,,,,,,
1271397,2021,2021-09-05,"St Lawrence Ground, Canterbury",1,39.4,39.4,Worcestershire,Kent,AW Finch,OB Cox,NN Gilchrist,0,0,,,,,,,bowled,AW Finch,,,,,
1271397,2021,2021-09-05,"St Lawrence Ground, Canterbury",2,0.1,0.1,Kent,Worcestershire,Z Crawley,JM Cox,J Leach,0,0,,,,,,,,,,,,,
1271397,2021,2021-09-05,"St Lawrence Ground, Canterbury",2,0.2,0.2,Kent,Worcestershire,Z Crawley,JM Cox,J Leach,0,0,,,,,,,,,,,,,
1271397,2021,2021-09-05,"St Lawrence Ground, Canterbury",2,0.3,0.3,Kent,Worcestershire,Z Crawley,JM Cox,J Leach,0,0,,,,,,,,,,,,,
1271397,2021,2021-09-05,"St Lawrence Ground, Canterbury",2,0.4,0.4,Kent,Worcestershire,Z Crawley,JM Cox,J Leach,1,0,,,,,,,,,,,,,
1271397,2021,2021-09-05,"St Lawrence Ground, Canterbury",2,0.5,0.5,Kent,Worcestershire,JM Cox,Z Crawley,J Leach,0,0,,,,,,,,,,,,,
1271397,2021,2021-09-05,"St Lawrence Ground, Canterbury",2,0.6,0.6,Kent,Worcestershire,JM Cox,Z Crawley,J Leach,0,0,,,,,,,,,,,,,
1271397,2021,2021-09-05,"St Lawrence Ground, Canterbury",2,1.1,1.1,Kent,Worcestershire,Z Crawley,JM Cox,DY Pennington,0,0,,,,,,,,,,,,,
1271397,2021,2021-09-05,"St Lawrence Ground, Canterbury",2,1.2,1.2,Kent,Worcestershire,Z Crawley,JM Cox,DY Pennington,0,0,,,,,,,,,,,,,
1271397,2021,2021-09-05,"St Lawrence Ground, Canterbury",2,1.3,1.3,Kent,Worcestershire,Z Crawley,JM Cox,DY Pennington,4,0,,,,,,,,,,,,,
1271397,2021,2021-09-05,"St Lawrence Ground, Canterbury",2,1.4,1.4,Kent,Worcestershire,Z Crawley,JM Cox,DY Pennington,0,0,,,,,,,,,,,,,
1271397,2021,2021-09-05,"St Lawrence Ground, Canterbury",2,1.5,1.5,Kent,Worcestershire,Z Crawley,JM Cox,DY Pennington,0,0,,,,,,,,,,,,,
1271397,2021,2021-09-05,"St Lawrence Ground, Canterbury",2,1.6,1.6,Kent,Worcestershire,Z Crawley,JM Cox,DY Pennington,0,0,,,,,,,caught,Z Crawley,,,OB Cox,,
1271397,2021,2021-09-05,"St Lawrence Ground, Canterbury",2,2.1,2.1,Kent,Worcestershire,JM Cox,JL Denly,J Leach,0,0,,,,,,,,,,,,,
1271397,2021,2021-09-05,"St Lawrence Ground, Canterbury",2,2.2,2.2,Kent,Worcestershire,JM Cox,JL Denly,J Leach,0,0,,,,,,,,,,,,,
1271397,2021,2021-09-05,"St Lawrence Ground, Canterbury",2,2.3,2.3,Kent,Worcestershire,JM Cox,JL Denly,J Leach,0,0,,,,,,,,,,,,,
1271397,2021,2021-09-05,"St Lawrence Ground, Canterbury",2,2.4,2.4,Kent,Worcestershire,JM Cox,JL Denly,J Leach,0,0,,,,,,,,,,,,,
1271397,2021,2021-09-05,"St Lawrence Ground, Canterbury",2,2.5,2.5,Kent,Worcestershire,JM Cox,JL Denly,J Leach,1,0,,,,,,,,,,,,,
1271397,2021,2021-09-05,"St Lawrence Ground, Canterbury",2,2.6,2.6,Kent,Worcestershire,JL Denly,JM Cox,J Leach,4,0,,,,,,,,,,,,,
1271397,2021,2021-09-05,"St Lawrence Ground, Canterbury",2,3.1,3.1,Kent,Worcestershire,JM Cox,JL Denly,DY Pennington,0,0,,,,,,,,,,,,,
1271397,2021,2021-09-05,"St Lawrence Ground, Canterbury",2,3.2,3.2,Kent,Worcestershire,JM Cox,JL Denly,DY Pennington,0,0,,,,,,,,,,,,,
1271397,2021,2021-09-05,"St Lawrence Ground, Canterbury",2,3.3,3.3,Kent,Worcestershire,JM Cox,JL Denly,DY Pennington,0,0,,,,,,,,,,,,,
1271397,2021,2021-09-05,"St Lawrence Ground, Canterbury",2,3.4,3.4,Kent,Worcestershire,JM Cox,JL Denly,DY Pennington,0,0,,,,,,,,,,,,,
1271397,2021,2021-09-05,"St Lawrence Ground, Canterbury",2,3.5,3.5,Kent,Worcestershire,JM Cox,JL Denly,DY Pennington,0,0,,,,,,,,,,,,,
1271397,2021,2021-09-05,"St Lawrence Ground, Canterbury",2,3.6,3.6,Kent,Worcestershire,JM Cox,JL Denly,DY Pennington,0,0,,,,,,,,,,,,,
1271397,2021,2021-09-05,"St Lawrence Ground, Canterbury",2,4.1,4.1,Kent,Worcestershire,JL Denly,JM Cox,J Leach,0,0,,,,,,,,,,,,,
1271397,2021,2021-09-05,"St Lawrence Ground, Canterbury",2,4.2,4.2,Kent,Worcestershire,JL Denly,JM Cox,J Leach,0,0,,,,,,,,,,,,,
1271397,2021,2021-09-05,"St Lawrence Ground, Canterbury",2,4.3,4.3,Kent,Worcestershire,JL Denly,JM Cox,J Leach,0,0,,,,,,,,,,,,,
1271397,2021,2021-09-05,"St Lawrence Ground, Canterbury",2,4.4,4.4,Kent,Worcestershire,JL Denly,JM Cox,J Leach,0,0,,,,,,,,,,,,,
1271397,2021,2021-09-05,"St Lawrence Ground, Canterbury",2,4.5,4.5,Kent,Worcestershire,JL Denly,JM Cox,J Leach,0,0,,,,,,,,,,,,,
1271397,2021,2021-09-05,"St Lawrence Ground, Canterbury",2,4.6,4.6,Kent,Worcestershire,JL Denly,JM Cox,J Leach,0,0,,,,,,,,,,,,,
1271397,2021,2021-09-05,"St Lawrence Ground, Canterbury",2,5.1,5.1,Kent,Worcestershire,JM Cox,JL Denly,DY Pennington,0,0,,,,,,,,,,,,,
1271397,2021,2021-09-05,"St Lawrence Ground, Canterbury",2,5.2,5.2,Kent,Worcestershire,JM Cox,JL Denly,DY Pennington,0,0,,,,,,,caught,JM Cox,,,JO Baker,,
1271397,2021,2021-09-05,"St Lawrence Ground, Canterbury",2,5.3,5.3,Kent,Worcestershire,JA Leaning,JL Denly,DY Pennington,1,0,,,,,,,,,,,,,
1271397,2021,2021-09-05,"St Lawrence Ground, Canterbury",2,5.4,5.4,Kent,Worcestershire,JL Denly,JA Leaning,DY Pennington,0,0,,,,,,,,,,,,,
1271397,2021,2021-09-05,"St Lawrence Ground, Canterbury",2,5.5,5.5,Kent,Worcestershire,JL Denly,JA Leaning,DY Pennington,0,0,,,,,,,,,,,,,
1271397,2021,2021-09-05,"St Lawrence Ground, Canterbury",2,5.6,5.6,Kent,Worcestershire,JL Denly,JA Leaning,DY Pennington,0,0,,,,,,,,,,,,,
1271397,2021,2021-09-05,"St Lawrence Ground, Canterbury",2,6.1,6.1,Kent,Worcestershire,JA Leaning,JL Denly,J Leach,0,0,,,,,,,,,,,,,
1271397,2021,2021-09-05,"St Lawrence Ground, Canterbury",2,6.2,6.2,Kent,Worcestershire,JA Leaning,JL Denly,J Leach,0,0,,,,,,,,,,,,,
1271397,2021,2021-09-05,"St Lawrence Ground, Canterbury",2,6.3,6.3,Kent,Worcestershire,JA Leaning,JL Denly,J Leach,0,0,,,,,,,,,,,,,
1271397,2021,2021-09-05,"St Lawrence Ground, Canterbury",2,6.4,6.4,Kent,Worcestershire,JA Leaning,JL Denly,J Leach,0,0,,,,,,,,,,,,,
1271397,2021,2021-09-05,"St Lawrence Ground, Canterbury",2,6.5,6.5,Kent,Worcestershire,JA Leaning,JL Denly,J Leach,0,0,,,,,,,,,,,,,
1271397,2021,2021-09-05,"St Lawrence Ground, Canterbury",2,6.6,6.6,Kent,Worcestershire,JA Leaning,JL Denly,J Leach,0,0,,,,,,,,,,,,,
1271397,2021,2021-09-05,"St Lawrence Ground, Canterbury",2,7.1,7.1,Kent,Worcestershire,JL Denly,JA Leaning,DY Pennington,0,0,,,,,,,,,,,,,
1271397,2021,2021-09-05,"St Lawrence Ground, Canterbury",2,7.2,7.2,Kent,Worcestershire,JL Denly,JA Leaning,DY Pennington,0,0,,,,,,,,,,,,,
1271397,2021,2021-09-05,"St Lawrence Ground, Canterbury",2,7.3,7.3,Kent,Worcestershire,JL Denly,JA Leaning,DY Pennington,0,0,,,,,,,,,,,,,
1271397,2021,2021-09-05,"St Lawrence Ground, Canterbury",2,7.4,7.4,Kent,Worcestershire,JL Denly,JA Leaning,DY Pennington,3,0,,,,,,,,,,,,,
1271397,2021,2021-09-05,"St Lawrence Ground, Canterbury",2,7.5,7.5,Kent,Worcestershire,JA Leaning,JL Denly,DY Pennington,1,0,,,,,,,,,,,,,
1271397,2021,2021-09-05,"St Lawrence Ground, Canterbury",2,7.6,7.6,Kent,Worcestershire,JL Denly,JA Leaning,DY Pennington,0,1,,,1,,,,,,,,,,
1271397,2021,2021-09-05,"St Lawrence Ground, Canterbury",2,8.1,8.1,Kent,Worcestershire,JL Denly,JA Leaning,J Leach,0,0,,,,,,,,,,,,,
1271397,2021,2021-09-05,"St Lawrence Ground, Canterbury",2,8.2,8.2,Kent,Worcestershire,JL Denly,JA Leaning,J Leach,0,0,,,,,,,,,,,,,
1271397,2021,2021-09-05,"St Lawrence Ground, Canterbury",2,8.3,8.3,Kent,Worcestershire,JL Denly,JA Leaning,J Leach,0,0,,,,,,,,,,,,,
1271397,2021,2021-09-05,"St Lawrence Ground, Canterbury",2,8.4,8.4,Kent,Worcestershire,JL Denly,JA Leaning,J Leach,0,4,,,,4,,,,,,,,,
1271397,2021,2021-09-05,"St Lawrence Ground, Canterbury",2,8.5,8.5,Kent,Worcestershire,JL Denly,JA Leaning,J Leach,0,0,,,,,,,,,,,,,
1271397,2021,2021-09-05,"St Lawrence Ground, Canterbury",2,8.6,8.6,Kent,Worcestershire,JL Denly,JA Leaning,J Leach,1,0,,,,,,,,,,,,,
1271397,2021,2021-09-05,"St Lawrence Ground, Canterbury",2,9.1,9.1,Kent,Worcestershire,JL Denly,JA Leaning,DY Pennington,1,0,,,,,,,,,,,,,
1271397,2021,2021-09-05,"St Lawrence Ground, Canterbury",2,9.2,9.2,Kent,Worcestershire,JA Leaning,JL Denly,DY Pennington,0,0,,,,,,,,,,,,,
1271397,2021,2021-09-05,"St Lawrence Ground, Canterbury",2,9.3,9.3,Kent,Worcestershire,JA Leaning,JL Denly,DY Pennington,0,0,,,,,,,,,,,,,
1271397,2021,2021-09-05,"St Lawrence Ground, Canterbury",2,9.4,9.4,Kent,Worcestershire,JA Leaning,JL Denly,DY Pennington,0,0,,,,,,,,,,,,,
1271397,2021,2021-09-05,"St Lawrence Ground, Canterbury",2,9.5,9.5,Kent,Worcestershire,JA Leaning,JL Denly,DY Pennington,0,0,,,,,,,,,,,,,
1271397,2021,2021-09-05,"St Lawrence Ground, Canterbury",2,9.6,9.6,Kent,Worcestershire,JA Leaning,JL Denly,DY Pennington,0,0,,,,,,,,,,,,,
1271397,2021,2021-09-05,"St Lawrence Ground, Canterbury",2,10.1,10.1,Kent,Worcestershire,JL Denly,JA Leaning,J Leach,0,0,,,,,,,,,,,,,
1271397,2021,2021-09-05,"St Lawrence Ground, Canterbury",2,10.2,10.2,Kent,Worcestershire,JL Denly,JA Leaning,J Leach,0,0,,,,,,,lbw,JL Denly,,,,,
1271397,2021,2021-09-05,"St Lawrence Ground, Canterbury",2,10.3,10.3,Kent,Worcestershire,OG Robinson,JA Leaning,J Leach,0,0,,,,,,,,,,,,,
1271397,2021,2021-09-05,"St Lawrence Ground, Canterbury",2,10.4,10.4,Kent,Worcestershire,OG Robinson,JA Leaning,J Leach,0,0,,,,,,,,,,,,,
1271397,2021,2021-09-05,"St Lawrence Ground, Canterbury",2,10.5,10.5,Kent,Worcestershire,OG Robinson,JA Leaning,J Leach,0,0,,,,,,,,,,,,,
1271397,2021,2021-09-05,"St Lawrence Ground, Canterbury",2,10.6,10.6,Kent,Worcestershire,OG Robinson,JA Leaning,J Leach,2,0,,,,,,,,,,,,,
1271397,2021,2021-09-05,"St Lawrence Ground, Canterbury",2,11.1,11.1,Kent,Worcestershire,JA Leaning,OG Robinson,EG Barnard,0,0,,,,,,,,,,,,,
1271397,2021,2021-09-05,"St Lawrence Ground, Canterbury",2,11.2,11.2,Kent,Worcestershire,JA Leaning,OG Robinson,EG Barnard,2,0,,,,,,,,,,,,,
1271397,2021,2021-09-05,"St Lawrence Ground, Canterbury",2,11.3,11.3,Kent,Worcestershire,JA Leaning,OG Robinson,EG Barnard,0,0,,,,,,,,,,,,,
1271397,2021,2021-09-05,"St Lawrence Ground, Canterbury",2,11.4,11.4,Kent,Worcestershire,JA Leaning,OG Robinson,EG Barnard,0,0,,,,,,,,,,,,,
1271397,2021,2021-09-05,"St Lawrence Ground, Canterbury",2,11.5,11.5,Kent,Worcestershire,JA Leaning,OG Robinson,EG Barnard,0,0,,,,,,,,,,,,,
1271397,2021,2021-09-05,"St Lawrence Ground, Canterbury",2,11.6,11.6,Kent,Worcestershire,JA Leaning,OG Robinson,EG Barnard,0,0,,,,,,,,,,,,,
1271397,2021,2021-09-05,"St Lawrence Ground, Canterbury",2,12.1,12.1,Kent,Worcestershire,OG Robinson,JA Leaning,J Leach,0,0,,,,,,,,,,,,,
1271397,2021,2021-09-05,"St Lawrence Ground, Canterbury",2,12.2,12.2,Kent,Worcestershire,OG Robinson,JA Leaning,J Leach,0,0,,,,,,,,,,,,,
1271397,2021,2021-09-05,"St Lawrence Ground, Canterbury",2,12.3,12.3,Kent,Worcestershire,OG Robinson,JA Leaning,J Leach,0,0,,,,,,,,,,,,,
1271397,2021,2021-09-05,"St Lawrence Ground, Canterbury",2,12.4,12.4,Kent,Worcestershire,OG Robinson,JA Leaning,J Leach,0,0,,,,,,,,,,,,,
1271397,2021,2021-09-05,"St Lawrence Ground, Canterbury",2,12.5,12.5,Kent,Worcestershire,OG Robinson,JA Leaning,J Leach,0,0,,,,,,,,,,,,,
1271397,2021,2021-09-05,"St Lawrence Ground, Canterbury",2,12.6,12.6,Kent,Worcestershire,OG Robinson,JA Leaning,J Leach,0,0,,,,,,,,,,,,,
1271397,2021,2021-09-05,"St Lawrence Ground, Canterbury",2,13.1,13.1,Kent,Worcestershire,JA Leaning,OG Robinson,EG Barnard,4,0,,,,,,,,,,,,,
1271397,2021,2021-09-05,"St Lawrence Ground, Canterbury",2,13.2,13.2,Kent,Worcestershire,JA Leaning,OG Robinson,EG Barnard,0,0,,,,,,,,,,,,,
1271397,2021,2021-09-05,"St Lawrence Ground, Canterbury",2,13.3,13.3,Kent,Worcestershire,JA Leaning,OG Robinson,EG Barnard,0,0,,,,,,,,,,,,,
1271397,2021,2021-09-05,"St Lawrence Ground, Canterbury",2,13.4,13.4,Kent,Worcestershire,JA Leaning,OG Robinson,EG Barnard,0,0,,,,,,,,,,,,,
1271397,2021,2021-09-05,"St Lawrence Ground, Canterbury",2,13.5,13.5,Kent,Worcestershire,JA Leaning,OG Robinson,EG Barnard,0,0,,,,,,,,,,,,,
1271397,2021,2021-09-05,"St Lawrence Ground, Canterbury",2,13.6,13.6,Kent,Worcestershire,JA Leaning,OG Robinson,EG Barnard,0,0,,,,,,,,,,,,,
1271397,2021,2021-09-05,"St Lawrence Ground, Canterbury",2,14.1,14.1,Kent,Worcestershire,OG Robinson,JA Leaning,AW Finch,0,0,,,,,,,,,,,,,
1271397,2021,2021-09-05,"St Lawrence Ground, Canterbury",2,14.2,14.2,Kent,Worcestershire,OG Robinson,JA Leaning,AW Finch,4,0,,,,,,,,,,,,,
1271397,2021,2021-09-05,"St Lawrence Ground, Canterbury",2,14.3,14.3,Kent,Worcestershire,OG Robinson,JA Leaning,AW Finch,4,0,,,,,,,,,,,,,
1271397,2021,2021-09-05,"St Lawrence Ground, Canterbury",2,14.4,14.4,Kent,Worcestershire,OG Robinson,JA Leaning,AW Finch,0,0,,,,,,,,,,,,,
1271397,2021,2021-09-05,"St Lawrence Ground, Canterbury",2,14.5,14.5,Kent,Worcestershire,OG Robinson,JA Leaning,AW Finch,0,0,,,,,,,,,,,,,
1271397,2021,2021-09-05,"St Lawrence Ground, Canterbury",2,14.6,14.6,Kent,Worcestershire,OG Robinson,JA Leaning,AW Finch,0,0,,,,,,,,,,,,,
1271397,2021,2021-09-05,"St Lawrence Ground, Canterbury",2,15.1,15.1,Kent,Worcestershire,JA Leaning,OG Robinson,EG Barnard,0,0,,,,,,,,,,,,,
1271397,2021,2021-09-05,"St Lawrence Ground, Canterbury",2,15.2,15.2,Kent,Worcestershire,JA Leaning,OG Robinson,EG Barnard,0,0,,,,,,,,,,,,,
1271397,2021,2021-09-05,"St Lawrence Ground, Canterbury",2,15.3,15.3,Kent,Worcestershire,JA Leaning,OG Robinson,EG Barnard,0,0,,,,,,,,,,,,,
1271397,2021,2021-09-05,"St Lawrence Ground, Canterbury",2,15.4,15.4,Kent,Worcestershire,JA Leaning,OG Robinson,EG Barnard,2,0,,,,,,,,,,,,,
1271397,2021,2021-09-05,"St Lawrence Ground, Canterbury",2,15.5,15.5,Kent,Worcestershire,JA Leaning,OG Robinson,EG Barnard,0,0,,,,,,,,,,,,,
1271397,2021,2021-09-05,"St Lawrence Ground, Canterbury",2,15.6,15.6,Kent,Worcestershire,JA Leaning,OG Robinson,EG Barnard,4,0,,,,,,,,,,,,,
1271397,2021,2021-09-05,"St Lawrence Ground, Canterbury",2,16.1,16.1,Kent,Worcestershire,OG Robinson,JA Leaning,AW Finch,0,0,,,,,,,,,,,,,
1271397,2021,2021-09-05,"St Lawrence Ground, Canterbury",2,16.2,16.2,Kent,Worcestershire,OG Robinson,JA Leaning,AW Finch,0,0,,,,,,,,,,,,,
1271397,2021,2021-09-05,"St Lawrence Ground, Canterbury",2,16.3,16.3,Kent,Worcestershire,OG Robinson,JA Leaning,AW Finch,0,0,,,,,,,,,,,,,
1271397,2021,2021-09-05,"St Lawrence Ground, Canterbury",2,16.4,16.4,Kent,Worcestershire,OG Robinson,JA Leaning,AW Finch,4,0,,,,,,,,,,,,,
1271397,2021,2021-09-05,"St Lawrence Ground, Canterbury",2,16.5,16.5,Kent,Worcestershire,OG Robinson,JA Leaning,AW Finch,4,0,,,,,,,,,,,,,
1271397,2021,2021-09-05,"St Lawrence Ground, Canterbury",2,16.6,16.6,Kent,Worcestershire,OG Robinson,JA Leaning,AW Finch,1,0,,,,,,,,,,,,,
1271397,2021,2021-09-05,"St Lawrence Ground, Canterbury",2,17.1,17.1,Kent,Worcestershire,OG Robinson,JA Leaning,EG Barnard,0,0,,,,,,,,,,,,,
1271397,2021,2021-09-05,"St Lawrence Ground, Canterbury",2,17.2,17.2,Kent,Worcestershire,OG Robinson,JA Leaning,EG Barnard,0,0,,,,,,,,,,,,,
1271397,2021,2021-09-05,"St Lawrence Ground, Canterbury",2,17.3,17.3,Kent,Worcestershire,OG Robinson,JA Leaning,EG Barnard,0,0,,,,,,,,,,,,,
1271397,2021,2021-09-05,"St Lawrence Ground, Canterbury",2,17.4,17.4,Kent,Worcestershire,OG Robinson,JA Leaning,EG Barnard,0,2,,2,,,,,,,,,,,
1271397,2021,2021-09-05,"St Lawrence Ground, Canterbury",2,17.5,17.4,Kent,Worcestershire,OG Robinson,JA Leaning,EG Barnard,4,0,,,,,,,,,,,,,
1271397,2021,2021-09-05,"St Lawrence Ground, Canterbury",2,17.6,17.5,Kent,Worcestershire,OG Robinson,JA Leaning,EG Barnard,0,0,,,,,,,,,,,,,
1271397,2021,2021-09-05,"St Lawrence Ground, Canterbury",2,17.7,17.6,Kent,Worcestershire,OG Robinson,JA Leaning,EG Barnard,0,0,,,,,,,,,,,,,
1271397,2021,2021-09-05,"St Lawrence Ground, Canterbury",2,18.1,18.1,Kent,Worcestershire,JA Leaning,OG Robinson,JO Baker,0,0,,,,,,,,,,,,,
1271397,2021,2021-09-05,"St Lawrence Ground, Canterbury",2,18.2,18.2,Kent,Worcestershire,JA Leaning,OG Robinson,JO Baker,0,0,,,,,,,,,,,,,
1271397,2021,2021-09-05,"St Lawrence Ground, Canterbury",2,18.3,18.3,Kent,Worcestershire,JA Leaning,OG Robinson,JO Baker,1,0,,,,,,,,,,,,,
1271397,2021,2021-09-05,"St Lawrence Ground, Canterbury",2,18.4,18.4,Kent,Worcestershire,OG Robinson,JA Leaning,JO Baker,1,0,,,,,,,,,,,,,
1271397,2021,2021-09-05,"St Lawrence Ground, Canterbury",2,18.5,18.5,Kent,Worcestershire,JA Leaning,OG Robinson,JO Baker,1,0,,,,,,,,,,,,,
1271397,2021,2021-09-05,"St Lawrence Ground, Canterbury",2,18.6,18.6,Kent,Worcestershire,OG Robinson,JA Leaning,JO Baker,2,0,,,,,,,,,,,,,
1271397,2021,2021-09-05,"St Lawrence Ground, Canterbury",2,19.1,19.1,Kent,Worcestershire,JA Leaning,OG Robinson,EG Barnard,1,0,,,,,,,,,,,,,
1271397,2021,2021-09-05,"St Lawrence Ground, Canterbury",2,19.2,19.2,Kent,Worcestershire,OG Robinson,JA Leaning,EG Barnard,0,0,,,,,,,,,,,,,
1271397,2021,2021-09-05,"St Lawrence Ground, Canterbury",2,19.3,19.3,Kent,Worcestershire,OG Robinson,JA Leaning,EG Barnard,0,0,,,,,,,,,,,,,
1271397,2021,2021-09-05,"St Lawrence Ground, Canterbury",2,19.4,19.4,Kent,Worcestershire,OG Robinson,JA Leaning,EG Barnard,0,0,,,,,,,,,,,,,
1271397,2021,2021-09-05,"St Lawrence Ground, Canterbury",2,19.5,19.5,Kent,Worcestershire,OG Robinson,JA Leaning,EG Barnard,0,0,,,,,,,,,,,,,
1271397,2021,2021-09-05,"St Lawrence Ground, Canterbury",2,19.6,19.6,Kent,Worcestershire,OG Robinson,JA Leaning,EG Barnard,4,0,,,,,,,,,,,,,
1271397,2021,2021-09-05,"St Lawrence Ground, Canterbury",2,20.1,20.1,Kent,Worcestershire,JA Leaning,OG Robinson,JO Baker,0,0,,,,,,,,,,,,,
1271397,2021,2021-09-05,"St Lawrence Ground, Canterbury",2,20.2,20.2,Kent,Worcestershire,JA Leaning,OG Robinson,JO Baker,1,0,,,,,,,,,,,,,
1271397,2021,2021-09-05,"St Lawrence Ground, Canterbury",2,20.3,20.3,Kent,Worcestershire,OG Robinson,JA Leaning,JO Baker,0,0,,,,,,,,,,,,,
1271397,2021,2021-09-05,"St Lawrence Ground, Canterbury",2,20.4,20.4,Kent,Worcestershire,OG Robinson,JA Leaning,JO Baker,2,0,,,,,,,,,,,,,
1271397,2021,2021-09-05,"St Lawrence Ground, Canterbury",2,20.5,20.5,Kent,Worcestershire,OG Robinson,JA Leaning,JO Baker,0,0,,,,,,,,,,,,,
1271397,2021,2021-09-05,"St Lawrence Ground, Canterbury",2,20.6,20.6,Kent,Worcestershire,OG Robinson,JA Leaning,JO Baker,0,0,,,,,,,,,,,,,
1271397,2021,2021-09-05,"St Lawrence Ground, Canterbury",2,21.1,21.1,Kent,Worcestershire,JA Leaning,OG Robinson,EG Barnard,0,0,,,,,,,,,,,,,
1271397,2021,2021-09-05,"St Lawrence Ground, Canterbury",2,21.2,21.2,Kent,Worcestershire,JA Leaning,OG Robinson,EG Barnard,0,0,,,,,,,,,,,,,
1271397,2021,2021-09-05,"St Lawrence Ground, Canterbury",2,21.3,21.3,Kent,Worcestershire,JA Leaning,OG Robinson,EG Barnard,0,0,,,,,,,,,,,,,
1271397,2021,2021-09-05,"St Lawrence Ground, Canterbury",2,21.4,21.4,Kent,Worcestershire,JA Leaning,OG Robinson,EG Barnard,0,0,,,,,,,,,,,,,
1271397,2021,2021-09-05,"St Lawrence Ground, Canterbury",2,21.5,21.5,Kent,Worcestershire,JA Leaning,OG Robinson,EG Barnard,0,0,,,,,,,,,,,,,
1271397,2021,2021-09-05,"St Lawrence Ground, Canterbury",2,21.6,21.6,Kent,Worcestershire,JA Leaning,OG Robinson,EG Barnard,0,0,,,,,,,,,,,,,
1271397,2021,2021-09-05,"St Lawrence Ground, Canterbury",2,22.1,22.1,Kent,Worcestershire,OG Robinson,JA Leaning,J Leach,1,0,,,,,,,,,,,,,
1271397,2021,2021-09-05,"St Lawrence Ground, Canterbury",2,22.2,22.2,Kent,Worcestershire,JA Leaning,OG Robinson,J Leach,0,0,,,,,,,,,,,,,
1271397,2021,2021-09-05,"St Lawrence Ground, Canterbury",2,22.3,22.3,Kent,Worcestershire,JA Leaning,OG Robinson,J Leach,0,0,,,,,,,,,,,,,
1271397,2021,2021-09-05,"St Lawrence Ground, Canterbury",2,22.4,22.4,Kent,Worcestershire,JA Leaning,OG Robinson,J Leach,0,0,,,,,,,,,,,,,
1271397,2021,2021-09-05,"St Lawrence Ground, Canterbury",2,22.5,22.5,Kent,Worcestershire,JA Leaning,OG Robinson,J Leach,0,0,,,,,,,,,,,,,
1271397,2021,2021-09-05,"St Lawrence Ground, Canterbury",2,22.6,22.6,Kent,Worcestershire,JA Leaning,OG Robinson,J Leach,0,0,,,,,,,,,,,,,
1271397,2021,2021-09-05,"St Lawrence Ground, Canterbury",2,23.1,23.1,Kent,Worcestershire,OG Robinson,JA Leaning,DY Pennington,0,0,,,,,,,,,,,,,
1271397,2021,2021-09-05,"St Lawrence Ground, Canterbury",2,23.2,23.2,Kent,Worcestershire,OG Robinson,JA Leaning,DY Pennington,2,0,,,,,,,,,,,,,
1271397,2021,2021-09-05,"St Lawrence Ground, Canterbury",2,23.3,23.3,Kent,Worcestershire,OG Robinson,JA Leaning,DY Pennington,0,0,,,,,,,,,,,,,
1271397,2021,2021-09-05,"St Lawrence Ground, Canterbury",2,23.4,23.4,Kent,Worcestershire,OG Robinson,JA Leaning,DY Pennington,2,0,,,,,,,,,,,,,
1271397,2021,2021-09-05,"St Lawrence Ground, Canterbury",2,23.5,23.5,Kent,Worcestershire,OG Robinson,JA Leaning,DY Pennington,0,0,,,,,,,,,,,,,
1271397,2021,2021-09-05,"St Lawrence Ground, Canterbury",2,23.6,23.6,Kent,Worcestershire,OG Robinson,JA Leaning,DY Pennington,0,0,,,,,,,,,,,,,
1271397,2021,2021-09-05,"St Lawrence Ground, Canterbury",2,24.1,24.1,Kent,Worcestershire,JA Leaning,OG Robinson,J Leach,0,0,,,,,,,,,,,,,
1271397,2021,2021-09-05,"St Lawrence Ground, Canterbury",2,24.2,24.2,Kent,Worcestershire,JA Leaning,OG Robinson,J Leach,0,0,,,,,,,,,,,,,
1271397,2021,2021-09-05,"St Lawrence Ground, Canterbury",2,24.3,24.3,Kent,Worcestershire,JA Leaning,OG Robinson,J Leach,0,0,,,,,,,,,,,,,
1271397,2021,2021-09-05,"St Lawrence Ground, Canterbury",2,24.4,24.4,Kent,Worcestershire,JA Leaning,OG Robinson,J Leach,0,0,,,,,,,,,,,,,
1271397,2021,2021-09-05,"St Lawrence Ground, Canterbury",2,24.5,24.5,Kent,Worcestershire,JA Leaning,OG Robinson,J Leach,0,0,,,,,,,,,,,,,
1271397,2021,2021-09-05,"St Lawrence Ground, Canterbury",2,24.6,24.6,Kent,Worcestershire,JA Leaning,OG Robinson,J Leach,0,0,,,,,,,,,,,,,
1271397,2021,2021-09-05,"St Lawrence Ground, Canterbury",2,25.1,25.1,Kent,Worcestershire,OG Robinson,JA Leaning,DY Pennington,0,0,,,,,,,,,,,,,
1271397,2021,2021-09-05,"St Lawrence Ground, Canterbury",2,25.2,25.2,Kent,Worcestershire,OG Robinson,JA Leaning,DY Pennington,4,0,,,,,,,,,,,,,
1271397,2021,2021-09-05,"St Lawrence Ground, Canterbury",2,25.3,25.3,Kent,Worcestershire,OG Robinson,JA Leaning,DY Pennington,0,0,,,,,,,,,,,,,
1271397,2021,2021-09-05,"St Lawrence Ground, Canterbury",2,25.4,25.4,Kent,Worcestershire,OG Robinson,JA Leaning,DY Pennington,1,0,,,,,,,,,,,,,
1271397,2021,2021-09-05,"St Lawrence Ground, Canterbury",2,25.5,25.5,Kent,Worcestershire,JA Leaning,OG Robinson,DY Pennington,1,0,,,,,,,,,,,,,
1271397,2021,2021-09-05,"St Lawrence Ground, Canterbury",2,25.6,25.6,Kent,Worcestershire,OG Robinson,JA Leaning,DY Pennington,2,0,,,,,,,,,,,,,
1271397,2021,2021-09-05,"St Lawrence Ground, Canterbury",2,26.1,26.1,Kent,Worcestershire,JA Leaning,OG Robinson,J Leach,0,0,,,,,,,,,,,,,
1271397,2021,2021-09-05,"St Lawrence Ground, Canterbury",2,26.2,26.2,Kent,Worcestershire,JA Leaning,OG Robinson,J Leach,0,0,,,,,,,,,,,,,
1271397,2021,2021-09-05,"St Lawrence Ground, Canterbury",2,26.3,26.3,Kent,Worcestershire,JA Leaning,OG Robinson,J Leach,1,0,,,,,,,,,,,,,
1271397,2021,2021-09-05,"St Lawrence Ground, Canterbury",2,26.4,26.4,Kent,Worcestershire,OG Robinson,JA Leaning,J Leach,1,0,,,,,,,,,,,,,
1271397,2021,2021-09-05,"St Lawrence Ground, Canterbury",2,26.5,26.5,Kent,Worcestershire,JA Leaning,OG Robinson,J Leach,0,0,,,,,,,,,,,,,
1271397,2021,2021-09-05,"St Lawrence Ground, Canterbury",2,26.6,26.6,Kent,Worcestershire,JA Leaning,OG Robinson,J Leach,0,0,,,,,,,,,,,,,
1271397,2021,2021-09-05,"St Lawrence Ground, Canterbury",2,27.1,27.1,Kent,Worcestershire,OG Robinson,JA Leaning,DY Pennington,0,0,,,,,,,,,,,,,
1271397,2021,2021-09-05,"St Lawrence Ground, Canterbury",2,27.2,27.2,Kent,Worcestershire,OG Robinson,JA Leaning,DY Pennington,4,0,,,,,,,,,,,,,
1271397,2021,2021-09-05,"St Lawrence Ground, Canterbury",2,27.3,27.3,Kent,Worcestershire,OG Robinson,JA Leaning,DY Pennington,0,0,,,,,,,,,,,,,
1271397,2021,2021-09-05,"St Lawrence Ground, Canterbury",2,27.4,27.4,Kent,Worcestershire,OG Robinson,JA Leaning,DY Pennington,0,0,,,,,,,,,,,,,
1271397,2021,2021-09-05,"St Lawrence Ground, Canterbury",2,27.5,27.5,Kent,Worcestershire,OG Robinson,JA Leaning,DY Pennington,0,0,,,,,,,,,,,,,
1271397,2021,2021-09-05,"St Lawrence Ground, Canterbury",2,27.6,27.6,Kent,Worcestershire,OG Robinson,JA Leaning,DY Pennington,0,0,,,,,,,,,,,,,
1271397,2021,2021-09-05,"St Lawrence Ground, Canterbury",2,28.1,28.1,Kent,Worcestershire,JA Leaning,OG Robinson,J Leach,0,0,,,,,,,,,,,,,
1271397,2021,2021-09-05,"St Lawrence Ground, Canterbury",2,28.2,28.2,Kent,Worcestershire,JA Leaning,OG Robinson,J Leach,0,0,,,,,,,,,,,,,
1271397,2021,2021-09-05,"St Lawrence Ground, Canterbury",2,28.3,28.3,Kent,Worcestershire,JA Leaning,OG Robinson,J Leach,0,0,,,,,,,,,,,,,
1271397,2021,2021-09-05,"St Lawrence Ground, Canterbury",2,28.4,28.4,Kent,Worcestershire,JA Leaning,OG Robinson,J Leach,0,0,,,,,,,,,,,,,
1271397,2021,2021-09-05,"St Lawrence Ground, Canterbury",2,28.5,28.5,Kent,Worcestershire,JA Leaning,OG Robinson,J Leach,0,0,,,,,,,,,,,,,
1271397,2021,2021-09-05,"St Lawrence Ground, Canterbury",2,28.6,28.6,Kent,Worcestershire,JA Leaning,OG Robinson,J Leach,0,0,,,,,,,,,,,,,
1271397,2021,2021-09-05,"St Lawrence Ground, Canterbury",2,29.1,29.1,Kent,Worcestershire,OG Robinson,JA Leaning,DY Pennington,0,0,,,,,,,,,,,,,
1271397,2021,2021-09-05,"St Lawrence Ground, Canterbury",2,29.2,29.2,Kent,Worcestershire,OG Robinson,JA Leaning,DY Pennington,1,0,,,,,,,,,,,,,
1271397,2021,2021-09-05,"St Lawrence Ground, Canterbury",2,29.3,29.3,Kent,Worcestershire,JA Leaning,OG Robinson,DY Pennington,0,0,,,,,,,,,,,,,
1271397,2021,2021-09-05,"St Lawrence Ground, Canterbury",2,29.4,29.4,Kent,Worcestershire,JA Leaning,OG Robinson,DY Pennington,2,0,,,,,,,,,,,,,
1271397,2021,2021-09-05,"St Lawrence Ground, Canterbury",2,29.5,29.5,Kent,Worcestershire,JA Leaning,OG Robinson,DY Pennington,2,0,,,,,,,,,,,,,
1271397,2021,2021-09-05,"St Lawrence Ground, Canterbury",2,29.6,29.6,Kent,Worcestershire,JA Leaning,OG Robinson,DY Pennington,1,0,,,,,,,,,,,,,
1271397,2021,2021-09-05,"St Lawrence Ground, Canterbury",2,30.1,30.1,Kent,Worcestershire,JA Leaning,OG Robinson,EG Barnard,0,0,,,,,,,,,,,,,
1271397,2021,2021-09-05,"St Lawrence Ground, Canterbury",2,30.2,30.2,Kent,Worcestershire,JA Leaning,OG Robinson,EG Barnard,0,0,,,,,,,,,,,,,
1271397,2021,2021-09-05,"St Lawrence Ground, Canterbury",2,30.3,30.3,Kent,Worcestershire,JA Leaning,OG Robinson,EG Barnard,0,0,,,,,,,,,,,,,
1271397,2021,2021-09-05,"St Lawrence Ground, Canterbury",2,30.4,30.4,Kent,Worcestershire,JA Leaning,OG Robinson,EG Barnard,0,0,,,,,,,,,,,,,
1271397,2021,2021-09-05,"St Lawrence Ground, Canterbury",2,30.5,30.5,Kent,Worcestershire,JA Leaning,OG Robinson,EG Barnard,0,0,,,,,,,,,,,,,
1271397,2021,2021-09-05,"St Lawrence Ground, Canterbury",2,30.6,30.6,Kent,Worcestershire,JA Leaning,OG Robinson,EG Barnard,0,0,,,,,,,,,,,,,
1271397,2021,2021-09-05,"St Lawrence Ground, Canterbury",2,31.1,31.1,Kent,Worcestershire,OG Robinson,JA Leaning,DY Pennington,0,0,,,,,,,caught,OG Robinson,,,OB Cox,,
1271397,2021,2021-09-05,"St Lawrence Ground, Canterbury",2,31.2,31.2,Kent,Worcestershire,DI Stevens,JA Leaning,DY Pennington,0,0,,,,,,,,,,,,,
1271397,2021,2021-09-05,"St Lawrence Ground, Canterbury",2,31.3,31.3,Kent,Worcestershire,DI Stevens,JA Leaning,DY Pennington,0,0,,,,,,,,,,,,,
1271397,2021,2021-09-05,"St Lawrence Ground, Canterbury",2,31.4,31.4,Kent,Worcestershire,DI Stevens,JA Leaning,DY Pennington,1,0,,,,,,,,,,,,,
1271397,2021,2021-09-05,"St Lawrence Ground, Canterbury",2,31.5,31.5,Kent,Worcestershire,JA Leaning,DI Stevens,DY Pennington,0,0,,,,,,,,,,,,,
1271397,2021,2021-09-05,"St Lawrence Ground, Canterbury",2,31.6,31.6,Kent,Worcestershire,JA Leaning,DI Stevens,DY Pennington,0,0,,,,,,,,,,,,,
1271397,2021,2021-09-05,"St Lawrence Ground, Canterbury",2,32.1,32.1,Kent,Worcestershire,DI Stevens,JA Leaning,EG Barnard,0,0,,,,,,,,,,,,,
1271397,2021,2021-09-05,"St Lawrence Ground, Canterbury",2,32.2,32.2,Kent,Worcestershire,DI Stevens,JA Leaning,EG Barnard,2,0,,,,,,,,,,,,,
1271397,2021,2021-09-05,"St Lawrence Ground, Canterbury",2,32.3,32.3,Kent,Worcestershire,DI Stevens,JA Leaning,EG Barnard,2,0,,,,,,,,,,,,,
1271397,2021,2021-09-05,"St Lawrence Ground, Canterbury",2,32.4,32.4,Kent,Worcestershire,DI Stevens,JA Leaning,EG Barnard,0,0,,,,,,,,,,,,,
1271397,2021,2021-09-05,"St Lawrence Ground, Canterbury",2,32.5,32.5,Kent,Worcestershire,DI Stevens,JA Leaning,EG Barnard,0,0,,,,,,,,,,,,,
1271397,2021,2021-09-05,"St Lawrence Ground, Canterbury",2,32.6,32.6,Kent,Worcestershire,DI Stevens,JA Leaning,EG Barnard,4,0,,,,,,,,,,,,,
1271397,2021,2021-09-05,"St Lawrence Ground, Canterbury",2,33.1,33.1,Kent,Worcestershire,JA Leaning,DI Stevens,DY Pennington,0,0,,,,,,,,,,,,,
1271397,2021,2021-09-05,"St Lawrence Ground, Canterbury",2,33.2,33.2,Kent,Worcestershire,JA Leaning,DI Stevens,DY Pennington,1,0,,,,,,,,,,,,,
1271397,2021,2021-09-05,"St Lawrence Ground, Canterbury",2,33.3,33.3,Kent,Worcestershire,DI Stevens,JA Leaning,DY Pennington,0,0,,,,,,,,,,,,,
1271397,2021,2021-09-05,"St Lawrence Ground, Canterbury",2,33.4,33.4,Kent,Worcestershire,DI Stevens,JA Leaning,DY Pennington,4,0,,,,,,,,,,,,,
1271397,2021,2021-09-05,"St Lawrence Ground, Canterbury",2,33.5,33.5,Kent,Worcestershire,DI Stevens,JA Leaning,DY Pennington,0,0,,,,,,,,,,,,,
1271397,2021,2021-09-05,"St Lawrence Ground, Canterbury",2,33.6,33.6,Kent,Worcestershire,DI Stevens,JA Leaning,DY Pennington,0,0,,,,,,,,,,,,,
1271397,2021,2021-09-05,"St Lawrence Ground, Canterbury",2,34.1,34.1,Kent,Worcestershire,JA Leaning,DI Stevens,EG Barnard,0,0,,,,,,,,,,,,,
1271397,2021,2021-09-05,"St Lawrence Ground, Canterbury",2,34.2,34.2,Kent,Worcestershire,JA Leaning,DI Stevens,EG Barnard,0,0,,,,,,,,,,,,,
1271397,2021,2021-09-05,"St Lawrence Ground, Canterbury",2,34.3,34.3,Kent,Worcestershire,JA Leaning,DI Stevens,EG Barnard,0,0,,,,,,,,,,,,,
1271397,2021,2021-09-05,"St Lawrence Ground, Canterbury",2,34.4,34.4,Kent,Worcestershire,JA Leaning,DI Stevens,EG Barnard,0,0,,,,,,,,,,,,,
1271397,2021,2021-09-05,"St Lawrence Ground, Canterbury",2,34.5,34.5,Kent,Worcestershire,JA Leaning,DI Stevens,EG Barnard,0,0,,,,,,,,,,,,,
1271397,2021,2021-09-05,"St Lawrence Ground, Canterbury",2,34.6,34.6,Kent,Worcestershire,JA Leaning,DI Stevens,EG Barnard,1,0,,,,,,,,,,,,,
1271397,2021,2021-09-05,"St Lawrence Ground, Canterbury",2,35.1,35.1,Kent,Worcestershire,JA Leaning,DI Stevens,DY Pennington,0,0,,,,,,,,,,,,,
1271397,2021,2021-09-05,"St Lawrence Ground, Canterbury",2,35.2,35.2,Kent,Worcestershire,JA Leaning,DI Stevens,DY Pennington,0,0,,,,,,,,,,,,,
1271397,2021,2021-09-05,"St Lawrence Ground, Canterbury",2,35.3,35.3,Kent,Worcestershire,JA Leaning,DI Stevens,DY Pennington,0,0,,,,,,,,,,,,,
1271397,2021,2021-09-05,"St Lawrence Ground, Canterbury",2,35.4,35.4,Kent,Worcestershire,JA Leaning,DI Stevens,DY Pennington,0,0,,,,,,,,,,,,,
1271397,2021,2021-09-05,"St Lawrence Ground, Canterbury",2,35.5,35.5,Kent,Worcestershire,JA Leaning,DI Stevens,DY Pennington,0,0,,,,,,,,,,,,,
1271397,2021,2021-09-05,"St Lawrence Ground, Canterbury",2,35.6,35.6,Kent,Worcestershire,JA Leaning,DI Stevens,DY Pennington,1,0,,,,,,,,,,,,,
1271397,2021,2021-09-05,"St Lawrence Ground, Canterbury",2,36.1,36.1,Kent,Worcestershire,JA Leaning,DI Stevens,EG Barnard,0,0,,,,,,,,,,,,,
1271397,2021,2021-09-05,"St Lawrence Ground, Canterbury",2,36.2,36.2,Kent,Worcestershire,JA Leaning,DI Stevens,EG Barnard,0,0,,,,,,,,,,,,,
1271397,2021,2021-09-05,"St Lawrence Ground, Canterbury",2,36.3,36.3,Kent,Worcestershire,JA Leaning,DI Stevens,EG Barnard,0,0,,,,,,,,,,,,,
1271397,2021,2021-09-05,"St Lawrence Ground, Canterbury",2,36.4,36.4,Kent,Worcestershire,JA Leaning,DI Stevens,EG Barnard,0,0,,,,,,,,,,,,,
1271397,2021,2021-09-05,"St Lawrence Ground, Canterbury",2,36.5,36.5,Kent,Worcestershire,JA Leaning,DI Stevens,EG Barnard,0,0,,,,,,,,,,,,,
1271397,2021,2021-09-05,"St Lawrence Ground, Canterbury",2,36.6,36.6,Kent,Worcestershire,JA Leaning,DI Stevens,EG Barnard,0,0,,,,,,,,,,,,,
1271397,2021,2021-09-05,"St Lawrence Ground, Canterbury",2,37.1,37.1,Kent,Worcestershire,DI Stevens,JA Leaning,AW Finch,4,0,,,,,,,,,,,,,
1271397,2021,2021-09-05,"St Lawrence Ground, Canterbury",2,37.2,37.2,Kent,Worcestershire,DI Stevens,JA Leaning,AW Finch,4,0,,,,,,,,,,,,,
1271397,2021,2021-09-05,"St Lawrence Ground, Canterbury",2,37.3,37.3,Kent,Worcestershire,DI Stevens,JA Leaning,AW Finch,0,0,,,,,,,,,,,,,
1271397,2021,2021-09-05,"St Lawrence Ground, Canterbury",2,37.4,37.4,Kent,Worcestershire,DI Stevens,JA Leaning,AW Finch,1,0,,,,,,,,,,,,,
1271397,2021,2021-09-05,"St Lawrence Ground, Canterbury",2,37.5,37.5,Kent,Worcestershire,JA Leaning,DI Stevens,AW Finch,0,0,,,,,,,,,,,,,
1271397,2021,2021-09-05,"St Lawrence Ground, Canterbury",2,37.6,37.6,Kent,Worcestershire,JA Leaning,DI Stevens,AW Finch,0,0,,,,,,,,,,,,,
1271397,2021,2021-09-05,"St Lawrence Ground, Canterbury",2,38.1,38.1,Kent,Worcestershire,DI Stevens,JA Leaning,EG Barnard,2,0,,,,,,,,,,,,,
1271397,2021,2021-09-05,"St Lawrence Ground, Canterbury",2,38.2,38.2,Kent,Worcestershire,DI Stevens,JA Leaning,EG Barnard,0,0,,,,,,,,,,,,,
1271397,2021,2021-09-05,"St Lawrence Ground, Canterbury",2,38.3,38.3,Kent,Worcestershire,DI Stevens,JA Leaning,EG Barnard,0,0,,,,,,,,,,,,,
1271397,2021,2021-09-05,"St Lawrence Ground, Canterbury",2,38.4,38.4,Kent,Worcestershire,DI Stevens,JA Leaning,EG Barnard,0,0,,,,,,,,,,,,,
1271397,2021,2021-09-05,"St Lawrence Ground, Canterbury",2,38.5,38.5,Kent,Worcestershire,DI Stevens,JA Leaning,EG Barnard,0,0,,,,,,,,,,,,,
1271397,2021,2021-09-05,"St Lawrence Ground, Canterbury",2,38.6,38.6,Kent,Worcestershire,DI Stevens,JA Leaning,EG Barnard,4,0,,,,,,,,,,,,,
1271397,2021,2021-09-05,"St Lawrence Ground, Canterbury",2,39.1,39.1,Kent,Worcestershire,JA Leaning,DI Stevens,AW Finch,0,0,,,,,,,,,,,,,
1271397,2021,2021-09-05,"St Lawrence Ground, Canterbury",2,39.2,39.2,Kent,Worcestershire,JA Leaning,DI Stevens,AW Finch,0,0,,,,,,,,,,,,,
1271397,2021,2021-09-05,"St Lawrence Ground, Canterbury",2,39.3,39.3,Kent,Worcestershire,JA Leaning,DI Stevens,AW Finch,0,0,,,,,,,,,,,,,
1271397,2021,2021-09-05,"St Lawrence Ground, Canterbury",2,39.4,39.4,Kent,Worcestershire,JA Leaning,DI Stevens,AW Finch,1,0,,,,,,,,,,,,,
1271397,2021,2021-09-05,"St Lawrence Ground, Canterbury",2,39.5,39.5,Kent,Worcestershire,DI Stevens,JA Leaning,AW Finch,0,0,,,,,,,,,,,,,
1271397,2021,2021-09-05,"St Lawrence Ground, Canterbury",2,39.6,39.6,Kent,Worcestershire,DI Stevens,JA Leaning,AW Finch,4,0,,,,,,,,,,,,,
1271397,2021,2021-09-05,"St Lawrence Ground, Canterbury",2,40.1,40.1,Kent,Worcestershire,JA Leaning,DI Stevens,BL D'Oliveira,0,0,,,,,,,,,,,,,
1271397,2021,2021-09-05,"St Lawrence Ground, Canterbury",2,40.2,40.2,Kent,Worcestershire,JA Leaning,DI Stevens,BL D'Oliveira,0,0,,,,,,,,,,,,,
1271397,2021,2021-09-05,"St Lawrence Ground, Canterbury",2,40.3,40.3,Kent,Worcestershire,JA Leaning,DI Stevens,BL D'Oliveira,1,0,,,,,,,,,,,,,
1271397,2021,2021-09-05,"St Lawrence Ground, Canterbury",2,40.4,40.4,Kent,Worcestershire,DI Stevens,JA Leaning,BL D'Oliveira,0,0,,,,,,,,,,,,,
1271397,2021,2021-09-05,"St Lawrence Ground, Canterbury",2,40.5,40.5,Kent,Worcestershire,DI Stevens,JA Leaning,BL D'Oliveira,0,0,,,,,,,,,,,,,
1271397,2021,2021-09-05,"St Lawrence Ground, Canterbury",2,40.6,40.6,Kent,Worcestershire,DI Stevens,JA Leaning,BL D'Oliveira,1,0,,,,,,,,,,,,,
1271397,2021,2021-09-05,"St Lawrence Ground, Canterbury",2,41.1,41.1,Kent,Worcestershire,DI Stevens,JA Leaning,AW Finch,4,0,,,,,,,,,,,,,
1271397,2021,2021-09-05,"St Lawrence Ground, Canterbury",2,41.2,41.2,Kent,Worcestershire,DI Stevens,JA Leaning,AW Finch,0,0,,,,,,,,,,,,,
1271397,2021,2021-09-05,"St Lawrence Ground, Canterbury",2,41.3,41.3,Kent,Worcestershire,DI Stevens,JA Leaning,AW Finch,0,0,,,,,,,,,,,,,
1271397,2021,2021-09-05,"St Lawrence Ground, Canterbury",2,41.4,41.4,Kent,Worcestershire,DI Stevens,JA Leaning,AW Finch,1,0,,,,,,,,,,,,,
1271397,2021,2021-09-05,"St Lawrence Ground, Canterbury",2,41.5,41.5,Kent,Worcestershire,JA Leaning,DI Stevens,AW Finch,1,0,,,,,,,,,,,,,
1271397,2021,2021-09-05,"St Lawrence Ground, Canterbury",2,41.6,41.6,Kent,Worcestershire,DI Stevens,JA Leaning,AW Finch,0,0,,,,,,,,,,,,,
1271397,2021,2021-09-05,"St Lawrence Ground, Canterbury",2,42.1,42.1,Kent,Worcestershire,JA Leaning,DI Stevens,BL D'Oliveira,1,0,,,,,,,,,,,,,
1271397,2021,2021-09-05,"St Lawrence Ground, Canterbury",2,42.2,42.2,Kent,Worcestershire,DI Stevens,JA Leaning,BL D'Oliveira,0,0,,,,,,,,,,,,,
1271397,2021,2021-09-05,"St Lawrence Ground, Canterbury",2,42.3,42.3,Kent,Worcestershire,DI Stevens,JA Leaning,BL D'Oliveira,1,0,,,,,,,,,,,,,
1271397,2021,2021-09-05,"St Lawrence Ground, Canterbury",2,42.4,42.4,Kent,Worcestershire,JA Leaning,DI Stevens,BL D'Oliveira,4,0,,,,,,,,,,,,,
1271397,2021,2021-09-05,"St Lawrence Ground, Canterbury",2,42.5,42.5,Kent,Worcestershire,JA Leaning,DI Stevens,BL D'Oliveira,1,0,,,,,,,,,,,,,
1271397,2021,2021-09-05,"St Lawrence Ground, Canterbury",2,42.6,42.6,Kent,Worcestershire,DI Stevens,JA Leaning,BL D'Oliveira,1,0,,,,,,,,,,,,,
1271397,2021,2021-09-05,"St Lawrence Ground, Canterbury",2,43.1,43.1,Kent,Worcestershire,DI Stevens,JA Leaning,J Leach,0,0,,,,,,,,,,,,,
1271397,2021,2021-09-05,"St Lawrence Ground, Canterbury",2,43.2,43.2,Kent,Worcestershire,DI Stevens,JA Leaning,J Leach,1,0,,,,,,,,,,,,,
1271397,2021,2021-09-05,"St Lawrence Ground, Canterbury",2,43.3,43.3,Kent,Worcestershire,JA Leaning,DI Stevens,J Leach,0,0,,,,,,,,,,,,,
1271397,2021,2021-09-05,"St Lawrence Ground, Canterbury",2,43.4,43.4,Kent,Worcestershire,JA Leaning,DI Stevens,J Leach,0,0,,,,,,,,,,,,,
1271397,2021,2021-09-05,"St Lawrence Ground, Canterbury",2,43.5,43.5,Kent,Worcestershire,JA Leaning,DI Stevens,J Leach,0,0,,,,,,,,,,,,,
1271397,2021,2021-09-05,"St Lawrence Ground, Canterbury",2,43.6,43.6,Kent,Worcestershire,JA Leaning,DI Stevens,J Leach,0,0,,,,,,,,,,,,,
1271397,2021,2021-09-05,"St Lawrence Ground, Canterbury",2,44.1,44.1,Kent,Worcestershire,DI Stevens,JA Leaning,BL D'Oliveira,0,0,,,,,,,,,,,,,
1271397,2021,2021-09-05,"St Lawrence Ground, Canterbury",2,44.2,44.2,Kent,Worcestershire,DI Stevens,JA Leaning,BL D'Oliveira,2,0,,,,,,,,,,,,,
1271397,2021,2021-09-05,"St Lawrence Ground, Canterbury",2,44.3,44.3,Kent,Worcestershire,DI Stevens,JA Leaning,BL D'Oliveira,0,0,,,,,,,,,,,,,
1271397,2021,2021-09-05,"St Lawrence Ground, Canterbury",2,44.4,44.4,Kent,Worcestershire,DI Stevens,JA Leaning,BL D'Oliveira,0,0,,,,,,,,,,,,,
1271397,2021,2021-09-05,"St Lawrence Ground, Canterbury",2,44.5,44.5,Kent,Worcestershire,DI Stevens,JA Leaning,BL D'Oliveira,4,0,,,,,,,,,,,,,
1271397,2021,2021-09-05,"St Lawrence Ground, Canterbury",2,44.6,44.6,Kent,Worcestershire,DI Stevens,JA Leaning,BL D'Oliveira,1,0,,,,,,,,,,,,,
1271397,2021,2021-09-05,"St Lawrence Ground, Canterbury",2,45.1,45.1,Kent,Worcestershire,DI Stevens,JA Leaning,J Leach,1,0,,,,,,,,,,,,,
1271397,2021,2021-09-05,"St Lawrence Ground, Canterbury",2,45.2,45.2,Kent,Worcestershire,JA Leaning,DI Stevens,J Leach,0,0,,,,,,,,,,,,,
1271397,2021,2021-09-05,"St Lawrence Ground, Canterbury",2,45.3,45.3,Kent,Worcestershire,JA Leaning,DI Stevens,J Leach,2,0,,,,,,,,,,,,,
1271397,2021,2021-09-05,"St Lawrence Ground, Canterbury",2,45.4,45.4,Kent,Worcestershire,JA Leaning,DI Stevens,J Leach,0,0,,,,,,,,,,,,,
1271397,2021,2021-09-05,"St Lawrence Ground, Canterbury",2,45.5,45.5,Kent,Worcestershire,JA Leaning,DI Stevens,J Leach,0,0,,,,,,,,,,,,,
1271397,2021,2021-09-05,"St Lawrence Ground, Canterbury",2,45.6,45.6,Kent,Worcestershire,JA Leaning,DI Stevens,J Leach,0,0,,,,,,,,,,,,,
1271397,2021,2021-09-05,"St Lawrence Ground, Canterbury",2,46.1,46.1,Kent,Worcestershire,DI Stevens,JA Leaning,JO Baker,0,0,,,,,,,,,,,,,
1271397,2021,2021-09-05,"St Lawrence Ground, Canterbury",2,46.2,46.2,Kent,Worcestershire,DI Stevens,JA Leaning,JO Baker,1,0,,,,,,,,,,,,,
1271397,2021,2021-09-05,"St Lawrence Ground, Canterbury",2,46.3,46.3,Kent,Worcestershire,JA Leaning,DI Stevens,JO Baker,2,0,,,,,,,,,,,,,
1271397,2021,2021-09-05,"St Lawrence Ground, Canterbury",2,46.4,46.4,Kent,Worcestershire,JA Leaning,DI Stevens,JO Baker,0,0,,,,,,,,,,,,,
1271397,2021,2021-09-05,"St Lawrence Ground, Canterbury",2,46.5,46.5,Kent,Worcestershire,JA Leaning,DI Stevens,JO Baker,0,0,,,,,,,,,,,,,
1271397,2021,2021-09-05,"St Lawrence Ground, Canterbury",2,46.6,46.6,Kent,Worcestershire,JA Leaning,DI Stevens,JO Baker,1,0,,,,,,,,,,,,,
1271397,2021,2021-09-05,"St Lawrence Ground, Canterbury",2,47.1,47.1,Kent,Worcestershire,JA Leaning,DI Stevens,J Leach,0,0,,,,,,,,,,,,,
1271397,2021,2021-09-05,"St Lawrence Ground, Canterbury",2,47.2,47.2,Kent,Worcestershire,JA Leaning,DI Stevens,J Leach,0,0,,,,,,,,,,,,,
1271397,2021,2021-09-05,"St Lawrence Ground, Canterbury",2,47.3,47.3,Kent,Worcestershire,JA Leaning,DI Stevens,J Leach,0,0,,,,,,,,,,,,,
1271397,2021,2021-09-05,"St Lawrence Ground, Canterbury",2,47.4,47.4,Kent,Worcestershire,JA Leaning,DI Stevens,J Leach,0,0,,,,,,,,,,,,,
1271397,2021,2021-09-05,"St Lawrence Ground, Canterbury",2,47.5,47.5,Kent,Worcestershire,JA Leaning,DI Stevens,J Leach,0,0,,,,,,,,,,,,,
1271397,2021,2021-09-05,"St Lawrence Ground, Canterbury",2,47.6,47.6,Kent,Worcestershire,JA Leaning,DI Stevens,J Leach,0,0,,,,,,,,,,,,,
1271397,2021,2021-09-05,"St Lawrence Ground, Canterbury",2,48.1,48.1,Kent,Worcestershire,DI Stevens,JA Leaning,JO Baker,1,0,,,,,,,,,,,,,
1271397,2021,2021-09-05,"St Lawrence Ground, Canterbury",2,48.2,48.2,Kent,Worcestershire,JA Leaning,DI Stevens,JO Baker,0,0,,,,,,,,,,,,,
1271397,2021,2021-09-05,"St Lawrence Ground, Canterbury",2,48.3,48.3,Kent,Worcestershire,JA Leaning,DI Stevens,JO Baker,0,0,,,,,,,,,,,,,
1271397,2021,2021-09-05,"St Lawrence Ground, Canterbury",2,48.4,48.4,Kent,Worcestershire,JA Leaning,DI Stevens,JO Baker,1,0,,,,,,,,,,,,,
1271397,2021,2021-09-05,"St Lawrence Ground, Canterbury",2,48.5,48.5,Kent,Worcestershire,DI Stevens,JA Leaning,JO Baker,1,0,,,,,,,,,,,,,
1271397,2021,2021-09-05,"St Lawrence Ground, Canterbury",2,48.6,48.6,Kent,Worcestershire,JA Leaning,DI Stevens,JO Baker,0,0,,,,,,,,,,,,,
1271397,2021,2021-09-05,"St Lawrence Ground, Canterbury",2,49.1,49.1,Kent,Worcestershire,DI Stevens,JA Leaning,J Leach,1,0,,,,,,,,,,,,,
1271397,2021,2021-09-05,"St Lawrence Ground, Canterbury",2,49.2,49.2,Kent,Worcestershire,JA Leaning,DI Stevens,J Leach,4,0,,,,,,,,,,,,,
1271397,2021,2021-09-05,"St Lawrence Ground, Canterbury",2,49.3,49.3,Kent,Worcestershire,JA Leaning,DI Stevens,J Leach,0,2,,2,,,,,,,,,,,
1271397,2021,2021-09-05,"St Lawrence Ground, Canterbury",2,49.4,49.3,Kent,Worcestershire,JA Leaning,DI Stevens,J Leach,0,0,,,,,,,,,,,,,
1271397,2021,2021-09-05,"St Lawrence Ground, Canterbury",2,49.5,49.4,Kent,Worcestershire,JA Leaning,DI Stevens,J Leach,0,0,,,,,,,,,,,,,
1271397,2021,2021-09-05,"St Lawrence Ground, Canterbury",2,49.6,49.5,Kent,Worcestershire,JA Leaning,DI Stevens,J Leach,0,0,,,,,,,,,,,,,
1271397,2021,2021-09-05,"St Lawrence Ground, Canterbury",2,49.7,49.6,Kent,Worcestershire,JA Leaning,DI Stevens,J Leach,0,0,,,,,,,,,,,,,
1271397,2021,2021-09-05,"St Lawrence Ground, Canterbury",2,50.1,50.1,Kent,Worcestershire,DI Stevens,JA Leaning,JO Baker,1,0,,,,,,,,,,,,,
1271397,2021,2021-09-05,"St Lawrence Ground, Canterbury",2,50.2,50.2,Kent,Worcestershire,JA Leaning,DI Stevens,JO Baker,1,0,,,,,,,,,,,,,
1271397,2021,2021-09-05,"St Lawrence Ground, Canterbury",2,50.3,50.3,Kent,Worcestershire,DI Stevens,JA Leaning,JO Baker,0,0,,,,,,,,,,,,,
1271397,2021,2021-09-05,"St Lawrence Ground, Canterbury",2,50.4,50.4,Kent,Worcestershire,DI Stevens,JA Leaning,JO Baker,0,0,,,,,,,,,,,,,
1271397,2021,2021-09-05,"St Lawrence Ground, Canterbury",2,50.5,50.5,Kent,Worcestershire,DI Stevens,JA Leaning,JO Baker,0,0,,,,,,,,,,,,,
1271397,2021,2021-09-05,"St Lawrence Ground, Canterbury",2,50.6,50.6,Kent,Worcestershire,DI Stevens,JA Leaning,JO Baker,0,0,,,,,,,,,,,,,
1271397,2021,2021-09-05,"St Lawrence Ground, Canterbury",2,51.1,51.1,Kent,Worcestershire,JA Leaning,DI Stevens,AW Finch,1,2,,2,,,,,,,,,,,
1271397,2021,2021-09-05,"St Lawrence Ground, Canterbury",2,51.2,51.1,Kent,Worcestershire,DI Stevens,JA Leaning,AW Finch,1,0,,,,,,,,,,,,,
1271397,2021,2021-09-05,"St Lawrence Ground, Canterbury",2,51.3,51.2,Kent,Worcestershire,JA Leaning,DI Stevens,AW Finch,0,0,,,,,,,,,,,,,
1271397,2021,2021-09-05,"St Lawrence Ground, Canterbury",2,51.4,51.3,Kent,Worcestershire,JA Leaning,DI Stevens,AW Finch,0,0,,,,,,,,,,,,,
1271397,2021,2021-09-05,"St Lawrence Ground, Canterbury",2,51.5,51.4,Kent,Worcestershire,JA Leaning,DI Stevens,AW Finch,0,0,,,,,,,,,,,,,
1271397,2021,2021-09-05,"St Lawrence Ground, Canterbury",2,51.6,51.5,Kent,Worcestershire,JA Leaning,DI Stevens,AW Finch,1,0,,,,,,,,,,,,,
1271397,2021,2021-09-05,"St Lawrence Ground, Canterbury",2,51.7,51.6,Kent,Worcestershire,DI Stevens,JA Leaning,AW Finch,0,0,,,,,,,,,,,,,
1271397,2021,2021-09-05,"St Lawrence Ground, Canterbury",2,52.1,52.1,Kent,Worcestershire,JA Leaning,DI Stevens,JO Baker,0,0,,,,,,,,,,,,,
1271397,2021,2021-09-05,"St Lawrence Ground, Canterbury",2,52.2,52.2,Kent,Worcestershire,JA Leaning,DI Stevens,JO Baker,0,0,,,,,,,,,,,,,
1271397,2021,2021-09-05,"St Lawrence Ground, Canterbury",2,52.3,52.3,Kent,Worcestershire,JA Leaning,DI Stevens,JO Baker,0,0,,,,,,,,,,,,,
1271397,2021,2021-09-05,"St Lawrence Ground, Canterbury",2,52.4,52.4,Kent,Worcestershire,JA Leaning,DI Stevens,JO Baker,0,0,,,,,,,,,,,,,
1271397,2021,2021-09-05,"St Lawrence Ground, Canterbury",2,52.5,52.5,Kent,Worcestershire,JA Leaning,DI Stevens,JO Baker,1,0,,,,,,,,,,,,,
1271397,2021,2021-09-05,"St Lawrence Ground, Canterbury",2,52.6,52.6,Kent,Worcestershire,DI Stevens,JA Leaning,JO Baker,0,0,,,,,,,,,,,,,
1271397,2021,2021-09-05,"St Lawrence Ground, Canterbury",2,53.1,53.1,Kent,Worcestershire,JA Leaning,DI Stevens,AW Finch,0,0,,,,,,,,,,,,,
1271397,2021,2021-09-05,"St Lawrence Ground, Canterbury",2,53.2,53.2,Kent,Worcestershire,JA Leaning,DI Stevens,AW Finch,0,0,,,,,,,,,,,,,
1271397,2021,2021-09-05,"St Lawrence Ground, Canterbury",2,53.3,53.3,Kent,Worcestershire,JA Leaning,DI Stevens,AW Finch,1,0,,,,,,,,,,,,,
1271397,2021,2021-09-05,"St Lawrence Ground, Canterbury",2,53.4,53.4,Kent,Worcestershire,DI Stevens,JA Leaning,AW Finch,1,0,,,,,,,,,,,,,
1271397,2021,2021-09-05,"St Lawrence Ground, Canterbury",2,53.5,53.5,Kent,Worcestershire,JA Leaning,DI Stevens,AW Finch,0,0,,,,,,,,,,,,,
1271397,2021,2021-09-05,"St Lawrence Ground, Canterbury",2,53.6,53.6,Kent,Worcestershire,JA Leaning,DI Stevens,AW Finch,0,0,,,,,,,,,,,,,
1271397,2021,2021-09-05,"St Lawrence Ground, Canterbury",2,54.1,54.1,Kent,Worcestershire,DI Stevens,JA Leaning,J Leach,0,0,,,,,,,,,,,,,
1271397,2021,2021-09-05,"St Lawrence Ground, Canterbury",2,54.2,54.2,Kent,Worcestershire,DI Stevens,JA Leaning,J Leach,0,0,,,,,,,,,,,,,
1271397,2021,2021-09-05,"St Lawrence Ground, Canterbury",2,54.3,54.3,Kent,Worcestershire,DI Stevens,JA Leaning,J Leach,0,0,,,,,,,,,,,,,
1271397,2021,2021-09-05,"St Lawrence Ground, Canterbury",2,54.4,54.4,Kent,Worcestershire,DI Stevens,JA Leaning,J Leach,0,0,,,,,,,,,,,,,
1271397,2021,2021-09-05,"St Lawrence Ground, Canterbury",2,54.5,54.5,Kent,Worcestershire,DI Stevens,JA Leaning,J Leach,0,0,,,,,,,,,,,,,
1271397,2021,2021-09-05,"St Lawrence Ground, Canterbury",2,54.6,54.6,Kent,Worcestershire,DI Stevens,JA Leaning,J Leach,0,0,,,,,,,,,,,,,
1271397,2021,2021-09-05,"St Lawrence Ground, Canterbury",2,55.1,55.1,Kent,Worcestershire,JA Leaning,DI Stevens,DY Pennington,0,0,,,,,,,,,,,,,
1271397,2021,2021-09-05,"St Lawrence Ground, Canterbury",2,55.2,55.2,Kent,Worcestershire,JA Leaning,DI Stevens,DY Pennington,0,0,,,,,,,,,,,,,
1271397,2021,2021-09-05,"St Lawrence Ground, Canterbury",2,55.3,55.3,Kent,Worcestershire,JA Leaning,DI Stevens,DY Pennington,1,0,,,,,,,,,,,,,
1271397,2021,2021-09-05,"St Lawrence Ground, Canterbury",2,55.4,55.4,Kent,Worcestershire,DI Stevens,JA Leaning,DY Pennington,0,0,,,,,,,,,,,,,
1271397,2021,2021-09-05,"St Lawrence Ground, Canterbury",2,55.5,55.5,Kent,Worcestershire,DI Stevens,JA Leaning,DY Pennington,0,0,,,,,,,,,,,,,
1271397,2021,2021-09-05,"St Lawrence Ground, Canterbury",2,55.6,55.6,Kent,Worcestershire,DI Stevens,JA Leaning,DY Pennington,2,0,,,,,,,,,,,,,
1271397,2021,2021-09-05,"St Lawrence Ground, Canterbury",2,56.1,56.1,Kent,Worcestershire,JA Leaning,DI Stevens,J Leach,0,0,,,,,,,,,,,,,
1271397,2021,2021-09-05,"St Lawrence Ground, Canterbury",2,56.2,56.2,Kent,Worcestershire,JA Leaning,DI Stevens,J Leach,0,0,,,,,,,,,,,,,
1271397,2021,2021-09-05,"St Lawrence Ground, Canterbury",2,56.3,56.3,Kent,Worcestershire,JA Leaning,DI Stevens,J Leach,0,0,,,,,,,,,,,,,
1271397,2021,2021-09-05,"St Lawrence Ground, Canterbury",2,56.4,56.4,Kent,Worcestershire,JA Leaning,DI Stevens,J Leach,0,0,,,,,,,,,,,,,
1271397,2021,2021-09-05,"St Lawrence Ground, Canterbury",2,56.5,56.5,Kent,Worcestershire,JA Leaning,DI Stevens,J Leach,0,0,,,,,,,,,,,,,
1271397,2021,2021-09-05,"St Lawrence Ground, Canterbury",2,56.6,56.6,Kent,Worcestershire,JA Leaning,DI Stevens,J Leach,0,0,,,,,,,,,,,,,
1271397,2021,2021-09-05,"St Lawrence Ground, Canterbury",2,57.1,57.1,Kent,Worcestershire,DI Stevens,JA Leaning,DY Pennington,1,0,,,,,,,,,,,,,
1271397,2021,2021-09-05,"St Lawrence Ground, Canterbury",2,57.2,57.2,Kent,Worcestershire,JA Leaning,DI Stevens,DY Pennington,0,0,,,,,,,,,,,,,
1271397,2021,2021-09-05,"St Lawrence Ground, Canterbury",2,57.3,57.3,Kent,Worcestershire,JA Leaning,DI Stevens,DY Pennington,0,0,,,,,,,,,,,,,
1271397,2021,2021-09-05,"St Lawrence Ground, Canterbury",2,57.4,57.4,Kent,Worcestershire,JA Leaning,DI Stevens,DY Pennington,0,0,,,,,,,,,,,,,
1271397,2021,2021-09-05,"St Lawrence Ground, Canterbury",2,57.5,57.5,Kent,Worcestershire,JA Leaning,DI Stevens,DY Pennington,0,0,,,,,,,,,,,,,
1271397,2021,2021-09-05,"St Lawrence Ground, Canterbury",2,57.6,57.6,Kent,Worcestershire,JA Leaning,DI Stevens,DY Pennington,0,0,,,,,,,,,,,,,
1271397,2021,2021-09-05,"St Lawrence Ground, Canterbury",2,58.1,58.1,Kent,Worcestershire,DI Stevens,JA Leaning,J Leach,0,0,,,,,,,,,,,,,
1271397,2021,2021-09-05,"St Lawrence Ground, Canterbury",2,58.2,58.2,Kent,Worcestershire,DI Stevens,JA Leaning,J Leach,4,0,,,,,,,,,,,,,
1271397,2021,2021-09-05,"St Lawrence Ground, Canterbury",2,58.3,58.3,Kent,Worcestershire,DI Stevens,JA Leaning,J Leach,0,0,,,,,,,,,,,,,
1271397,2021,2021-09-05,"St Lawrence Ground, Canterbury",2,58.4,58.4,Kent,Worcestershire,DI Stevens,JA Leaning,J Leach,0,0,,,,,,,,,,,,,
1271397,2021,2021-09-05,"St Lawrence Ground, Canterbury",2,58.5,58.5,Kent,Worcestershire,DI Stevens,JA Leaning,J Leach,0,0,,,,,,,,,,,,,
1271397,2021,2021-09-05,"St Lawrence Ground, Canterbury",2,58.6,58.6,Kent,Worcestershire,DI Stevens,JA Leaning,J Leach,0,0,,,,,,,,,,,,,
1271397,2021,2021-09-05,"St Lawrence Ground, Canterbury",2,59.1,59.1,Kent,Worcestershire,JA Leaning,DI Stevens,DY Pennington,0,0,,,,,,,,,,,,,
1271397,2021,2021-09-05,"St Lawrence Ground, Canterbury",2,59.2,59.2,Kent,Worcestershire,JA Leaning,DI Stevens,DY Pennington,0,0,,,,,,,,,,,,,
1271397,2021,2021-09-05,"St Lawrence Ground, Canterbury",2,59.3,59.3,Kent,Worcestershire,JA Leaning,DI Stevens,DY Pennington,0,0,,,,,,,,,,,,,
1271397,2021,2021-09-05,"St Lawrence Ground, Canterbury",2,59.4,59.4,Kent,Worcestershire,JA Leaning,DI Stevens,DY Pennington,0,0,,,,,,,,,,,,,
1271397,2021,2021-09-05,"St Lawrence Ground, Canterbury",2,59.5,59.5,Kent,Worcestershire,JA Leaning,DI Stevens,DY Pennington,0,0,,,,,,,,,,,,,
1271397,2021,2021-09-05,"St Lawrence Ground, Canterbury",2,59.6,59.6,Kent,Worcestershire,JA Leaning,DI Stevens,DY Pennington,2,0,,,,,,,,,,,,,
1271397,2021,2021-09-05,"St Lawrence Ground, Canterbury",2,60.1,60.1,Kent,Worcestershire,DI Stevens,JA Leaning,J Leach,0,0,,,,,,,,,,,,,
1271397,2021,2021-09-05,"St Lawrence Ground, Canterbury",2,60.2,60.2,Kent,Worcestershire,DI Stevens,JA Leaning,J Leach,0,0,,,,,,,,,,,,,
1271397,2021,2021-09-05,"St Lawrence Ground, Canterbury",2,60.3,60.3,Kent,Worcestershire,DI Stevens,JA Leaning,J Leach,1,0,,,,,,,,,,,,,
1271397,2021,2021-09-05,"St Lawrence Ground, Canterbury",2,60.4,60.4,Kent,Worcestershire,JA Leaning,DI Stevens,J Leach,0,0,,,,,,,,,,,,,
1271397,2021,2021-09-05,"St Lawrence Ground, Canterbury",2,60.5,60.5,Kent,Worcestershire,JA Leaning,DI Stevens,J Leach,0,0,,,,,,,,,,,,,
1271397,2021,2021-09-05,"St Lawrence Ground, Canterbury",2,60.6,60.6,Kent,Worcestershire,JA Leaning,DI Stevens,J Leach,0,0,,,,,,,,,,,,,
1271397,2021,2021-09-05,"St Lawrence Ground, Canterbury",2,61.1,61.1,Kent,Worcestershire,DI Stevens,JA Leaning,DY Pennington,0,0,,,,,,,,,,,,,
1271397,2021,2021-09-05,"St Lawrence Ground, Canterbury",2,61.2,61.2,Kent,Worcestershire,DI Stevens,JA Leaning,DY Pennington,0,0,,,,,,,,,,,,,
1271397,2021,2021-09-05,"St Lawrence Ground, Canterbury",2,61.3,61.3,Kent,Worcestershire,DI Stevens,JA Leaning,DY Pennington,1,0,,,,,,,,,,,,,
1271397,2021,2021-09-05,"St Lawrence Ground, Canterbury",2,61.4,61.4,Kent,Worcestershire,JA Leaning,DI Stevens,DY Pennington,1,0,,,,,,,,,,,,,
1271397,2021,2021-09-05,"St Lawrence Ground, Canterbury",2,61.5,61.5,Kent,Worcestershire,DI Stevens,JA Leaning,DY Pennington,0,0,,,,,,,,,,,,,
1271397,2021,2021-09-05,"St Lawrence Ground, Canterbury",2,61.6,61.6,Kent,Worcestershire,DI Stevens,JA Leaning,DY Pennington,0,0,,,,,,,,,,,,,
1271397,2021,2021-09-05,"St Lawrence Ground, Canterbury",2,62.1,62.1,Kent,Worcestershire,JA Leaning,DI Stevens,J Leach,0,0,,,,,,,,,,,,,
1271397,2021,2021-09-05,"St Lawrence Ground, Canterbury",2,62.2,62.2,Kent,Worcestershire,JA Leaning,DI Stevens,J Leach,0,0,,,,,,,,,,,,,
1271397,2021,2021-09-05,"St Lawrence Ground, Canterbury",2,62.3,62.3,Kent,Worcestershire,JA Leaning,DI Stevens,J Leach,0,0,,,,,,,,,,,,,
1271397,2021,2021-09-05,"St Lawrence Ground, Canterbury",2,62.4,62.4,Kent,Worcestershire,JA Leaning,DI Stevens,J Leach,0,0,,,,,,,,,,,,,
1271397,2021,2021-09-05,"St Lawrence Ground, Canterbury",2,62.5,62.5,Kent,Worcestershire,JA Leaning,DI Stevens,J Leach,0,0,,,,,,,,,,,,,
1271397,2021,2021-09-05,"St Lawrence Ground, Canterbury",2,62.6,62.6,Kent,Worcestershire,JA Leaning,DI Stevens,J Leach,0,0,,,,,,,,,,,,,
1271397,2021,2021-09-05,"St Lawrence Ground, Canterbury",2,63.1,63.1,Kent,Worcestershire,DI Stevens,JA Leaning,EG Barnard,1,0,,,,,,,,,,,,,
1271397,2021,2021-09-05,"St Lawrence Ground, Canterbury",2,63.2,63.2,Kent,Worcestershire,JA Leaning,DI Stevens,EG Barnard,0,0,,,,,,,,,,,,,
1271397,2021,2021-09-05,"St Lawrence Ground, Canterbury",2,63.3,63.3,Kent,Worcestershire,JA Leaning,DI Stevens,EG Barnard,0,0,,,,,,,,,,,,,
1271397,2021,2021-09-05,"St Lawrence Ground, Canterbury",2,63.4,63.4,Kent,Worcestershire,JA Leaning,DI Stevens,EG Barnard,0,0,,,,,,,,,,,,,
1271397,2021,2021-09-05,"St Lawrence Ground, Canterbury",2,63.5,63.5,Kent,Worcestershire,JA Leaning,DI Stevens,EG Barnard,0,0,,,,,,,,,,,,,
1271397,2021,2021-09-05,"St Lawrence Ground, Canterbury",2,63.6,63.6,Kent,Worcestershire,JA Leaning,DI Stevens,EG Barnard,1,0,,,,,,,,,,,,,
1271397,2021,2021-09-05,"St Lawrence Ground, Canterbury",2,64.1,64.1,Kent,Worcestershire,JA Leaning,DI Stevens,AW Finch,1,0,,,,,,,,,,,,,
1271397,2021,2021-09-05,"St Lawrence Ground, Canterbury",2,64.2,64.2,Kent,Worcestershire,DI Stevens,JA Leaning,AW Finch,0,0,,,,,,,,,,,,,
1271397,2021,2021-09-05,"St Lawrence Ground, Canterbury",2,64.3,64.3,Kent,Worcestershire,DI Stevens,JA Leaning,AW Finch,0,0,,,,,,,,,,,,,
1271397,2021,2021-09-05,"St Lawrence Ground, Canterbury",2,64.4,64.4,Kent,Worcestershire,DI Stevens,JA Leaning,AW Finch,0,0,,,,,,,caught,DI Stevens,,,EG Barnard,,
1271397,2021,2021-09-05,"St Lawrence Ground, Canterbury",2,64.5,64.5,Kent,Worcestershire,SW Billings,JA Leaning,AW Finch,0,0,,,,,,,,,,,,,
1271397,2021,2021-09-05,"St Lawrence Ground, Canterbury",2,64.6,64.6,Kent,Worcestershire,SW Billings,JA Leaning,AW Finch,1,0,,,,,,,,,,,,,
1271397,2021,2021-09-05,"St Lawrence Ground, Canterbury",2,65.1,65.1,Kent,Worcestershire,SW Billings,JA Leaning,EG Barnard,4,0,,,,,,,,,,,,,
1271397,2021,2021-09-05,"St Lawrence Ground, Canterbury",2,65.2,65.2,Kent,Worcestershire,SW Billings,JA Leaning,EG Barnard,0,0,,,,,,,,,,,,,
1271397,2021,2021-09-05,"St Lawrence Ground, Canterbury",2,65.3,65.3,Kent,Worcestershire,SW Billings,JA Leaning,EG Barnard,0,0,,,,,,,,,,,,,
1271397,2021,2021-09-05,"St Lawrence Ground, Canterbury",2,65.4,65.4,Kent,Worcestershire,SW Billings,JA Leaning,EG Barnard,0,0,,,,,,,,,,,,,
1271397,2021,2021-09-05,"St Lawrence Ground, Canterbury",2,65.5,65.5,Kent,Worcestershire,SW Billings,JA Leaning,EG Barnard,0,0,,,,,,,,,,,,,
1271397,2021,2021-09-05,"St Lawrence Ground, Canterbury",2,65.6,65.6,Kent,Worcestershire,SW Billings,JA Leaning,EG Barnard,0,0,,,,,,,,,,,,,
1271397,2021,2021-09-05,"St Lawrence Ground, Canterbury",2,66.1,66.1,Kent,Worcestershire,JA Leaning,SW Billings,AW Finch,1,0,,,,,,,,,,,,,
1271397,2021,2021-09-05,"St Lawrence Ground, Canterbury",2,66.2,66.2,Kent,Worcestershire,SW Billings,JA Leaning,AW Finch,0,0,,,,,,,,,,,,,
1271397,2021,2021-09-05,"St Lawrence Ground, Canterbury",2,66.3,66.3,Kent,Worcestershire,SW Billings,JA Leaning,AW Finch,1,0,,,,,,,,,,,,,
1271397,2021,2021-09-05,"St Lawrence Ground, Canterbury",2,66.4,66.4,Kent,Worcestershire,JA Leaning,SW Billings,AW Finch,0,0,,,,,,,,,,,,,
1271397,2021,2021-09-05,"St Lawrence Ground, Canterbury",2,66.5,66.5,Kent,Worcestershire,JA Leaning,SW Billings,AW Finch,0,0,,,,,,,,,,,,,
1271397,2021,2021-09-05,"St Lawrence Ground, Canterbury",2,66.6,66.6,Kent,Worcestershire,JA Leaning,SW Billings,AW Finch,4,0,,,,,,,,,,,,,
1271397,2021,2021-09-05,"St Lawrence Ground, Canterbury",2,67.1,67.1,Kent,Worcestershire,SW Billings,JA Leaning,EG Barnard,0,0,,,,,,,,,,,,,
1271397,2021,2021-09-05,"St Lawrence Ground, Canterbury",2,67.2,67.2,Kent,Worcestershire,SW Billings,JA Leaning,EG Barnard,0,0,,,,,,,,,,,,,
1271397,2021,2021-09-05,"St Lawrence Ground, Canterbury",2,67.3,67.3,Kent,Worcestershire,SW Billings,JA Leaning,EG Barnard,0,0,,,,,,,,,,,,,
1271397,2021,2021-09-05,"St Lawrence Ground, Canterbury",2,67.4,67.4,Kent,Worcestershire,SW Billings,JA Leaning,EG Barnard,1,0,,,,,,,,,,,,,
1271397,2021,2021-09-05,"St Lawrence Ground, Canterbury",2,67.5,67.5,Kent,Worcestershire,JA Leaning,SW Billings,EG Barnard,0,0,,,,,,,,,,,,,
1271397,2021,2021-09-05,"St Lawrence Ground, Canterbury",2,67.6,67.6,Kent,Worcestershire,JA Leaning,SW Billings,EG Barnard,0,0,,,,,,,,,,,,,
1271397,2021,2021-09-05,"St Lawrence Ground, Canterbury",2,68.1,68.1,Kent,Worcestershire,SW Billings,JA Leaning,AW Finch,4,0,,,,,,,,,,,,,
1271397,2021,2021-09-05,"St Lawrence Ground, Canterbury",2,68.2,68.2,Kent,Worcestershire,SW Billings,JA Leaning,AW Finch,0,0,,,,,,,,,,,,,
1271397,2021,2021-09-05,"St Lawrence Ground, Canterbury",2,68.3,68.3,Kent,Worcestershire,SW Billings,JA Leaning,AW Finch,0,0,,,,,,,,,,,,,
1271397,2021,2021-09-05,"St Lawrence Ground, Canterbury",2,68.4,68.4,Kent,Worcestershire,SW Billings,JA Leaning,AW Finch,4,0,,,,,,,,,,,,,
1271397,2021,2021-09-05,"St Lawrence Ground, Canterbury",2,68.5,68.5,Kent,Worcestershire,SW Billings,JA Leaning,AW Finch,0,0,,,,,,,,,,,,,
1271397,2021,2021-09-05,"St Lawrence Ground, Canterbury",2,68.6,68.6,Kent,Worcestershire,SW Billings,JA Leaning,AW Finch,1,0,,,,,,,,,,,,,
1271397,2021,2021-09-05,"St Lawrence Ground, Canterbury",2,69.1,69.1,Kent,Worcestershire,SW Billings,JA Leaning,EG Barnard,0,0,,,,,,,,,,,,,
1271397,2021,2021-09-05,"St Lawrence Ground, Canterbury",2,69.2,69.2,Kent,Worcestershire,SW Billings,JA Leaning,EG Barnard,0,0,,,,,,,,,,,,,
1271397,2021,2021-09-05,"St Lawrence Ground, Canterbury",2,69.3,69.3,Kent,Worcestershire,SW Billings,JA Leaning,EG Barnard,0,2,,2,,,,,,,,,,,
1271397,2021,2021-09-05,"St Lawrence Ground, Canterbury",2,69.4,69.3,Kent,Worcestershire,SW Billings,JA Leaning,EG Barnard,0,0,,,,,,,,,,,,,
1271397,2021,2021-09-05,"St Lawrence Ground, Canterbury",2,69.5,69.4,Kent,Worcestershire,SW Billings,JA Leaning,EG Barnard,4,0,,,,,,,,,,,,,
1271397,2021,2021-09-05,"St Lawrence Ground, Canterbury",2,69.6,69.5,Kent,Worcestershire,SW Billings,JA Leaning,EG Barnard,0,0,,,,,,,,,,,,,
1271397,2021,2021-09-05,"St Lawrence Ground, Canterbury",2,69.7,69.6,Kent,Worcestershire,SW Billings,JA Leaning,EG Barnard,0,0,,,,,,,,,,,,,
1271397,2021,2021-09-05,"St Lawrence Ground, Canterbury",2,70.1,70.1,Kent,Worcestershire,JA Leaning,SW Billings,JO Baker,1,0,,,,,,,,,,,,,
1271397,2021,2021-09-05,"St Lawrence Ground, Canterbury",2,70.2,70.2,Kent,Worcestershire,SW Billings,JA Leaning,JO Baker,0,0,,,,,,,,,,,,,
1271397,2021,2021-09-05,"St Lawrence Ground, Canterbury",2,70.3,70.3,Kent,Worcestershire,SW Billings,JA Leaning,JO Baker,0,0,,,,,,,,,,,,,
1271397,2021,2021-09-05,"St Lawrence Ground, Canterbury",2,70.4,70.4,Kent,Worcestershire,SW Billings,JA Leaning,JO Baker,0,0,,,,,,,,,,,,,
1271397,2021,2021-09-05,"St Lawrence Ground, Canterbury",2,70.5,70.5,Kent,Worcestershire,SW Billings,JA Leaning,JO Baker,0,0,,,,,,,,,,,,,
1271397,2021,2021-09-05,"St Lawrence Ground, Canterbury",2,70.6,70.6,Kent,Worcestershire,SW Billings,JA Leaning,JO Baker,1,0,,,,,,,,,,,,,
1271397,2021,2021-09-05,"St Lawrence Ground, Canterbury",2,71.1,71.1,Kent,Worcestershire,SW Billings,JA Leaning,EG Barnard,0,0,,,,,,,,,,,,,
1271397,2021,2021-09-05,"St Lawrence Ground, Canterbury",2,71.2,71.2,Kent,Worcestershire,SW Billings,JA Leaning,EG Barnard,4,0,,,,,,,,,,,,,
1271397,2021,2021-09-05,"St Lawrence Ground, Canterbury",2,71.3,71.3,Kent,Worcestershire,SW Billings,JA Leaning,EG Barnard,0,0,,,,,,,,,,,,,
1271397,2021,2021-09-05,"St Lawrence Ground, Canterbury",2,71.4,71.4,Kent,Worcestershire,SW Billings,JA Leaning,EG Barnard,0,0,,,,,,,,,,,,,
1271397,2021,2021-09-05,"St Lawrence Ground, Canterbury",2,71.5,71.5,Kent,Worcestershire,SW Billings,JA Leaning,EG Barnard,0,0,,,,,,,,,,,,,
1271397,2021,2021-09-05,"St Lawrence Ground, Canterbury",2,71.6,71.6,Kent,Worcestershire,SW Billings,JA Leaning,EG Barnard,0,0,,,,,,,,,,,,,
1271397,2021,2021-09-05,"St Lawrence Ground, Canterbury",2,72.1,72.1,Kent,Worcestershire,JA Leaning,SW Billings,JO Baker,0,0,,,,,,,,,,,,,
1271397,2021,2021-09-05,"St Lawrence Ground, Canterbury",2,72.2,72.2,Kent,Worcestershire,JA Leaning,SW Billings,JO Baker,4,0,,,,,,,,,,,,,
1271397,2021,2021-09-05,"St Lawrence Ground, Canterbury",2,72.3,72.3,Kent,Worcestershire,JA Leaning,SW Billings,JO Baker,0,0,,,,,,,,,,,,,
1271397,2021,2021-09-05,"St Lawrence Ground, Canterbury",2,72.4,72.4,Kent,Worcestershire,JA Leaning,SW Billings,JO Baker,2,0,,,,,,,,,,,,,
1271397,2021,2021-09-05,"St Lawrence Ground, Canterbury",2,72.5,72.5,Kent,Worcestershire,JA Leaning,SW Billings,JO Baker,2,0,,,,,,,,,,,,,
1271397,2021,2021-09-05,"St Lawrence Ground, Canterbury",2,72.6,72.6,Kent,Worcestershire,JA Leaning,SW Billings,JO Baker,1,0,,,,,,,,,,,,,
1271397,2021,2021-09-05,"St Lawrence Ground, Canterbury",2,73.1,73.1,Kent,Worcestershire,JA Leaning,SW Billings,AW Finch,0,0,,,,,,,,,,,,,
1271397,2021,2021-09-05,"St Lawrence Ground, Canterbury",2,73.2,73.2,Kent,Worcestershire,JA Leaning,SW Billings,AW Finch,1,0,,,,,,,,,,,,,
1271397,2021,2021-09-05,"St Lawrence Ground, Canterbury",2,73.3,73.3,Kent,Worcestershire,SW Billings,JA Leaning,AW Finch,2,0,,,,,,,,,,,,,
1271397,2021,2021-09-05,"St Lawrence Ground, Canterbury",2,73.4,73.4,Kent,Worcestershire,SW Billings,JA Leaning,AW Finch,1,0,,,,,,,,,,,,,
1271397,2021,2021-09-05,"St Lawrence Ground, Canterbury",2,73.5,73.5,Kent,Worcestershire,JA Leaning,SW Billings,AW Finch,1,0,,,,,,,,,,,,,
1271397,2021,2021-09-05,"St Lawrence Ground, Canterbury",2,73.6,73.6,Kent,Worcestershire,SW Billings,JA Leaning,AW Finch,0,0,,,,,,,,,,,,,
1271397,2021,2021-09-05,"St Lawrence Ground, Canterbury",2,74.1,74.1,Kent,Worcestershire,JA Leaning,SW Billings,JO Baker,0,0,,,,,,,,,,,,,
1271397,2021,2021-09-05,"St Lawrence Ground, Canterbury",2,74.2,74.2,Kent,Worcestershire,JA Leaning,SW Billings,JO Baker,1,0,,,,,,,,,,,,,
1271397,2021,2021-09-05,"St Lawrence Ground, Canterbury",2,74.3,74.3,Kent,Worcestershire,SW Billings,JA Leaning,JO Baker,0,0,,,,,,,,,,,,,
1271397,2021,2021-09-05,"St Lawrence Ground, Canterbury",2,74.4,74.4,Kent,Worcestershire,SW Billings,JA Leaning,JO Baker,0,0,,,,,,,,,,,,,
1271397,2021,2021-09-05,"St Lawrence Ground, Canterbury",2,74.5,74.5,Kent,Worcestershire,SW Billings,JA Leaning,JO Baker,4,0,,,,,,,,,,,,,
1271397,2021,2021-09-05,"St Lawrence Ground, Canterbury",2,74.6,74.6,Kent,Worcestershire,SW Billings,JA Leaning,JO Baker,1,0,,,,,,,,,,,,,
1271397,2021,2021-09-05,"St Lawrence Ground, Canterbury",2,75.1,75.1,Kent,Worcestershire,SW Billings,JA Leaning,AW Finch,0,0,,,,,,,,,,,,,
1271397,2021,2021-09-05,"St Lawrence Ground, Canterbury",2,75.2,75.2,Kent,Worcestershire,SW Billings,JA Leaning,AW Finch,1,2,,2,,,,,,,,,,,
1271397,2021,2021-09-05,"St Lawrence Ground, Canterbury",2,75.3,75.2,Kent,Worcestershire,JA Leaning,SW Billings,AW Finch,1,0,,,,,,,,,,,,,
1271397,2021,2021-09-05,"St Lawrence Ground, Canterbury",2,75.4,75.3,Kent,Worcestershire,SW Billings,JA Leaning,AW Finch,0,0,,,,,,,,,,,,,
1271397,2021,2021-09-05,"St Lawrence Ground, Canterbury",2,75.5,75.4,Kent,Worcestershire,SW Billings,JA Leaning,AW Finch,4,0,,,,,,,,,,,,,
1271397,2021,2021-09-05,"St Lawrence Ground, Canterbury",2,75.6,75.5,Kent,Worcestershire,SW Billings,JA Leaning,AW Finch,0,0,,,,,,,,,,,,,
1271397,2021,2021-09-05,"St Lawrence Ground, Canterbury",2,75.7,75.6,Kent,Worcestershire,SW Billings,JA Leaning,AW Finch,0,0,,,,,,,,,,,,,
1271397,2021,2021-09-05,"St Lawrence Ground, Canterbury",2,76.1,76.1,Kent,Worcestershire,JA Leaning,SW Billings,JO Baker,0,0,,,,,,,,,,,,,
1271397,2021,2021-09-05,"St Lawrence Ground, Canterbury",2,76.2,76.2,Kent,Worcestershire,JA Leaning,SW Billings,JO Baker,0,0,,,,,,,,,,,,,
1271397,2021,2021-09-05,"St Lawrence Ground, Canterbury",2,76.3,76.3,Kent,Worcestershire,JA Leaning,SW Billings,JO Baker,0,0,,,,,,,,,,,,,
1271397,2021,2021-09-05,"St Lawrence Ground, Canterbury",2,76.4,76.4,Kent,Worcestershire,JA Leaning,SW Billings,JO Baker,0,0,,,,,,,,,,,,,
1271397,2021,2021-09-05,"St Lawrence Ground, Canterbury",2,76.5,76.5,Kent,Worcestershire,JA Leaning,SW Billings,JO Baker,0,0,,,,,,,,,,,,,
1271397,2021,2021-09-05,"St Lawrence Ground, Canterbury",2,76.6,76.6,Kent,Worcestershire,JA Leaning,SW Billings,JO Baker,0,0,,,,,,,,,,,,,
1271397,2021,2021-09-05,"St Lawrence Ground, Canterbury",2,77.1,77.1,Kent,Worcestershire,SW Billings,JA Leaning,DKH Mitchell,0,0,,,,,,,,,,,,,
1271397,2021,2021-09-05,"St Lawrence Ground, Canterbury",2,77.2,77.2,Kent,Worcestershire,SW Billings,JA Leaning,DKH Mitchell,1,0,,,,,,,,,,,,,
1271397,2021,2021-09-05,"St Lawrence Ground, Canterbury",2,77.3,77.3,Kent,Worcestershire,JA Leaning,SW Billings,DKH Mitchell,0,0,,,,,,,,,,,,,
1271397,2021,2021-09-05,"St Lawrence Ground, Canterbury",2,77.4,77.4,Kent,Worcestershire,JA Leaning,SW Billings,DKH Mitchell,0,0,,,,,,,,,,,,,
1271397,2021,2021-09-05,"St Lawrence Ground, Canterbury",2,77.5,77.5,Kent,Worcestershire,JA Leaning,SW Billings,DKH Mitchell,0,0,,,,,,,,,,,,,
1271397,2021,2021-09-05,"St Lawrence Ground, Canterbury",2,77.6,77.6,Kent,Worcestershire,JA Leaning,SW Billings,DKH Mitchell,0,0,,,,,,,,,,,,,
1271397,2021,2021-09-05,"St Lawrence Ground, Canterbury",2,78.1,78.1,Kent,Worcestershire,SW Billings,JA Leaning,JO Baker,0,0,,,,,,,,,,,,,
1271397,2021,2021-09-05,"St Lawrence Ground, Canterbury",2,78.2,78.2,Kent,Worcestershire,SW Billings,JA Leaning,JO Baker,0,0,,,,,,,,,,,,,
1271397,2021,2021-09-05,"St Lawrence Ground, Canterbury",2,78.3,78.3,Kent,Worcestershire,SW Billings,JA Leaning,JO Baker,1,0,,,,,,,,,,,,,
1271397,2021,2021-09-05,"St Lawrence Ground, Canterbury",2,78.4,78.4,Kent,Worcestershire,JA Leaning,SW Billings,JO Baker,1,0,,,,,,,,,,,,,
1271397,2021,2021-09-05,"St Lawrence Ground, Canterbury",2,78.5,78.5,Kent,Worcestershire,SW Billings,JA Leaning,JO Baker,0,0,,,,,,,,,,,,,
1271397,2021,2021-09-05,"St Lawrence Ground, Canterbury",2,78.6,78.6,Kent,Worcestershire,SW Billings,JA Leaning,JO Baker,0,0,,,,,,,,,,,,,
1271397,2021,2021-09-05,"St Lawrence Ground, Canterbury",2,79.1,79.1,Kent,Worcestershire,JA Leaning,SW Billings,DKH Mitchell,0,0,,,,,,,,,,,,,
1271397,2021,2021-09-05,"St Lawrence Ground, Canterbury",2,79.2,79.2,Kent,Worcestershire,JA Leaning,SW Billings,DKH Mitchell,0,0,,,,,,,,,,,,,
1271397,2021,2021-09-05,"St Lawrence Ground, Canterbury",2,79.3,79.3,Kent,Worcestershire,JA Leaning,SW Billings,DKH Mitchell,0,0,,,,,,,,,,,,,
1271397,2021,2021-09-05,"St Lawrence Ground, Canterbury",2,79.4,79.4,Kent,Worcestershire,JA Leaning,SW Billings,DKH Mitchell,0,0,,,,,,,,,,,,,
1271397,2021,2021-09-05,"St Lawrence Ground, Canterbury",2,79.5,79.5,Kent,Worcestershire,JA Leaning,SW Billings,DKH Mitchell,1,0,,,,,,,,,,,,,
1271397,2021,2021-09-05,"St Lawrence Ground, Canterbury",2,79.6,79.6,Kent,Worcestershire,SW Billings,JA Leaning,DKH Mitchell,0,0,,,,,,,,,,,,,
1271397,2021,2021-09-05,"St Lawrence Ground, Canterbury",2,80.1,80.1,Kent,Worcestershire,JA Leaning,SW Billings,J Leach,0,0,,,,,,,,,,,,,
1271397,2021,2021-09-05,"St Lawrence Ground, Canterbury",2,80.2,80.2,Kent,Worcestershire,JA Leaning,SW Billings,J Leach,0,0,,,,,,,,,,,,,
1271397,2021,2021-09-05,"St Lawrence Ground, Canterbury",2,80.3,80.3,Kent,Worcestershire,JA Leaning,SW Billings,J Leach,2,0,,,,,,,,,,,,,
1271397,2021,2021-09-05,"St Lawrence Ground, Canterbury",2,80.4,80.4,Kent,Worcestershire,JA Leaning,SW Billings,J Leach,0,0,,,,,,,,,,,,,
1271397,2021,2021-09-05,"St Lawrence Ground, Canterbury",2,80.5,80.5,Kent,Worcestershire,JA Leaning,SW Billings,J Leach,2,0,,,,,,,,,,,,,
1271397,2021,2021-09-05,"St Lawrence Ground, Canterbury",2,80.6,80.6,Kent,Worcestershire,JA Leaning,SW Billings,J Leach,0,0,,,,,,,,,,,,,
1271397,2021,2021-09-05,"St Lawrence Ground, Canterbury",2,81.1,81.1,Kent,Worcestershire,SW Billings,JA Leaning,DY Pennington,0,0,,,,,,,,,,,,,
1271397,2021,2021-09-05,"St Lawrence Ground, Canterbury",2,81.2,81.2,Kent,Worcestershire,SW Billings,JA Leaning,DY Pennington,0,0,,,,,,,,,,,,,
1271397,2021,2021-09-05,"St Lawrence Ground, Canterbury",2,81.3,81.3,Kent,Worcestershire,SW Billings,JA Leaning,DY Pennington,4,0,,,,,,,,,,,,,
1271397,2021,2021-09-05,"St Lawrence Ground, Canterbury",2,81.4,81.4,Kent,Worcestershire,SW Billings,JA Leaning,DY Pennington,1,0,,,,,,,,,,,,,
1271397,2021,2021-09-05,"St Lawrence Ground, Canterbury",2,81.5,81.5,Kent,Worcestershire,JA Leaning,SW Billings,DY Pennington,0,0,,,,,,,,,,,,,
1271397,2021,2021-09-05,"St Lawrence Ground, Canterbury",2,81.6,81.6,Kent,Worcestershire,JA Leaning,SW Billings,DY Pennington,0,0,,,,,,,,,,,,,
1271397,2021,2021-09-05,"St Lawrence Ground, Canterbury",2,82.1,82.1,Kent,Worcestershire,SW Billings,JA Leaning,J Leach,0,0,,,,,,,,,,,,,
1271397,2021,2021-09-05,"St Lawrence Ground, Canterbury",2,82.2,82.2,Kent,Worcestershire,SW Billings,JA Leaning,J Leach,0,0,,,,,,,,,,,,,
1271397,2021,2021-09-05,"St Lawrence Ground, Canterbury",2,82.3,82.3,Kent,Worcestershire,SW Billings,JA Leaning,J Leach,0,0,,,,,,,,,,,,,
1271397,2021,2021-09-05,"St Lawrence Ground, Canterbury",2,82.4,82.4,Kent,Worcestershire,SW Billings,JA Leaning,J Leach,0,0,,,,,,,,,,,,,
1271397,2021,2021-09-05,"St Lawrence Ground, Canterbury",2,82.5,82.5,Kent,Worcestershire,SW Billings,JA Leaning,J Leach,0,0,,,,,,,,,,,,,
1271397,2021,2021-09-05,"St Lawrence Ground, Canterbury",2,82.6,82.6,Kent,Worcestershire,SW Billings,JA Leaning,J Leach,0,0,,,,,,,,,,,,,
1271397,2021,2021-09-05,"St Lawrence Ground, Canterbury",2,83.1,83.1,Kent,Worcestershire,JA Leaning,SW Billings,DY Pennington,0,0,,,,,,,,,,,,,
1271397,2021,2021-09-05,"St Lawrence Ground, Canterbury",2,83.2,83.2,Kent,Worcestershire,JA Leaning,SW Billings,DY Pennington,0,0,,,,,,,,,,,,,
1271397,2021,2021-09-05,"St Lawrence Ground, Canterbury",2,83.3,83.3,Kent,Worcestershire,JA Leaning,SW Billings,DY Pennington,0,0,,,,,,,,,,,,,
1271397,2021,2021-09-05,"St Lawrence Ground, Canterbury",2,83.4,83.4,Kent,Worcestershire,JA Leaning,SW Billings,DY Pennington,4,0,,,,,,,,,,,,,
1271397,2021,2021-09-05,"St Lawrence Ground, Canterbury",2,83.5,83.5,Kent,Worcestershire,JA Leaning,SW Billings,DY Pennington,0,0,,,,,,,,,,,,,
1271397,2021,2021-09-05,"St Lawrence Ground, Canterbury",2,83.6,83.6,Kent,Worcestershire,JA Leaning,SW Billings,DY Pennington,0,0,,,,,,,,,,,,,
1271397,2021,2021-09-05,"St Lawrence Ground, Canterbury",2,84.1,84.1,Kent,Worcestershire,SW Billings,JA Leaning,J Leach,0,1,,,,1,,,,,,,,,
1271397,2021,2021-09-05,"St Lawrence Ground, Canterbury",2,84.2,84.2,Kent,Worcestershire,JA Leaning,SW Billings,J Leach,1,0,,,,,,,,,,,,,
1271397,2021,2021-09-05,"St Lawrence Ground, Canterbury",2,84.3,84.3,Kent,Worcestershire,SW Billings,JA Leaning,J Leach,1,0,,,,,,,,,,,,,
1271397,2021,2021-09-05,"St Lawrence Ground, Canterbury",2,84.4,84.4,Kent,Worcestershire,JA Leaning,SW Billings,J Leach,0,0,,,,,,,,,,,,,
1271397,2021,2021-09-05,"St Lawrence Ground, Canterbury",2,84.5,84.5,Kent,Worcestershire,JA Leaning,SW Billings,J Leach,0,0,,,,,,,,,,,,,
1271397,2021,2021-09-05,"St Lawrence Ground, Canterbury",2,84.6,84.6,Kent,Worcestershire,JA Leaning,SW Billings,J Leach,0,0,,,,,,,,,,,,,
1271397,2021,2021-09-05,"St Lawrence Ground, Canterbury",2,85.1,85.1,Kent,Worcestershire,SW Billings,JA Leaning,DY Pennington,6,0,,,,,,,,,,,,,
1271397,2021,2021-09-05,"St Lawrence Ground, Canterbury",2,85.2,85.2,Kent,Worcestershire,SW Billings,JA Leaning,DY Pennington,0,0,,,,,,,,,,,,,
1271397,2021,2021-09-05,"St Lawrence Ground, Canterbury",2,85.3,85.3,Kent,Worcestershire,SW Billings,JA Leaning,DY Pennington,1,0,,,,,,,,,,,,,
1271397,2021,2021-09-05,"St Lawrence Ground, Canterbury",2,85.4,85.4,Kent,Worcestershire,JA Leaning,SW Billings,DY Pennington,1,0,,,,,,,,,,,,,
1271397,2021,2021-09-05,"St Lawrence Ground, Canterbury",2,85.5,85.5,Kent,Worcestershire,SW Billings,JA Leaning,DY Pennington,0,0,,,,,,,,,,,,,
1271397,2021,2021-09-05,"St Lawrence Ground, Canterbury",2,85.6,85.6,Kent,Worcestershire,SW Billings,JA Leaning,DY Pennington,0,0,,,,,,,,,,,,,
1271397,2021,2021-09-05,"St Lawrence Ground, Canterbury",2,86.1,86.1,Kent,Worcestershire,JA Leaning,SW Billings,J Leach,3,0,,,,,,,,,,,,,
1271397,2021,2021-09-05,"St Lawrence Ground, Canterbury",2,86.2,86.2,Kent,Worcestershire,SW Billings,JA Leaning,J Leach,0,0,,,,,,,,,,,,,
1271397,2021,2021-09-05,"St Lawrence Ground, Canterbury",2,86.3,86.3,Kent,Worcestershire,SW Billings,JA Leaning,J Leach,0,0,,,,,,,,,,,,,
1271397,2021,2021-09-05,"St Lawrence Ground, Canterbury",2,86.4,86.4,Kent,Worcestershire,SW Billings,JA Leaning,J Leach,4,0,,,,,,,,,,,,,
1271397,2021,2021-09-05,"St Lawrence Ground, Canterbury",2,86.5,86.5,Kent,Worcestershire,SW Billings,JA Leaning,J Leach,0,0,,,,,,,,,,,,,
1271397,2021,2021-09-05,"St Lawrence Ground, Canterbury",2,86.6,86.6,Kent,Worcestershire,SW Billings,JA Leaning,J Leach,0,0,,,,,,,,,,,,,
1271397,2021,2021-09-05,"St Lawrence Ground, Canterbury",2,87.1,87.1,Kent,Worcestershire,JA Leaning,SW Billings,DY Pennington,0,0,,,,,,,,,,,,,
1271397,2021,2021-09-05,"St Lawrence Ground, Canterbury",2,87.2,87.2,Kent,Worcestershire,JA Leaning,SW Billings,DY Pennington,0,0,,,,,,,,,,,,,
1271397,2021,2021-09-05,"St Lawrence Ground, Canterbury",2,87.3,87.3,Kent,Worcestershire,JA Leaning,SW Billings,DY Pennington,0,0,,,,,,,,,,,,,
1271397,2021,2021-09-05,"St Lawrence Ground, Canterbury",2,87.4,87.4,Kent,Worcestershire,JA Leaning,SW Billings,DY Pennington,0,0,,,,,,,,,,,,,
1271397,2021,2021-09-05,"St Lawrence Ground, Canterbury",2,87.5,87.5,Kent,Worcestershire,JA Leaning,SW Billings,DY Pennington,0,0,,,,,,,,,,,,,
1271397,2021,2021-09-05,"St Lawrence Ground, Canterbury",2,87.6,87.6,Kent,Worcestershire,JA Leaning,SW Billings,DY Pennington,0,0,,,,,,,,,,,,,
1271397,2021,2021-09-05,"St Lawrence Ground, Canterbury",2,88.1,88.1,Kent,Worcestershire,SW Billings,JA Leaning,J Leach,0,0,,,,,,,,,,,,,
1271397,2021,2021-09-05,"St Lawrence Ground, Canterbury",2,88.2,88.2,Kent,Worcestershire,SW Billings,JA Leaning,J Leach,4,0,,,,,,,,,,,,,
1271397,2021,2021-09-05,"St Lawrence Ground, Canterbury",2,88.3,88.3,Kent,Worcestershire,SW Billings,JA Leaning,J Leach,0,0,,,,,,,,,,,,,
1271397,2021,2021-09-05,"St Lawrence Ground, Canterbury",2,88.4,88.4,Kent,Worcestershire,SW Billings,JA Leaning,J Leach,0,0,,,,,,,,,,,,,
1271397,2021,2021-09-05,"St Lawrence Ground, Canterbury",2,88.5,88.5,Kent,Worcestershire,SW Billings,JA Leaning,J Leach,0,0,,,,,,,,,,,,,
1271397,2021,2021-09-05,"St Lawrence Ground, Canterbury",2,88.6,88.6,Kent,Worcestershire,SW Billings,JA Leaning,J Leach,0,0,,,,,,,,,,,,,
1271397,2021,2021-09-05,"St Lawrence Ground, Canterbury",2,89.1,89.1,Kent,Worcestershire,JA Leaning,SW Billings,DY Pennington,0,0,,,,,,,,,,,,,
1271397,2021,2021-09-05,"St Lawrence Ground, Canterbury",2,89.2,89.2,Kent,Worcestershire,JA Leaning,SW Billings,DY Pennington,4,0,,,,,,,,,,,,,
1271397,2021,2021-09-05,"St Lawrence Ground, Canterbury",2,89.3,89.3,Kent,Worcestershire,JA Leaning,SW Billings,DY Pennington,1,0,,,,,,,,,,,,,
1271397,2021,2021-09-05,"St Lawrence Ground, Canterbury",2,89.4,89.4,Kent,Worcestershire,SW Billings,JA Leaning,DY Pennington,1,0,,,,,,,,,,,,,
1271397,2021,2021-09-05,"St Lawrence Ground, Canterbury",2,89.5,89.5,Kent,Worcestershire,JA Leaning,SW Billings,DY Pennington,0,0,,,,,,,,,,,,,
1271397,2021,2021-09-05,"St Lawrence Ground, Canterbury",2,89.6,89.6,Kent,Worcestershire,JA Leaning,SW Billings,DY Pennington,0,0,,,,,,,caught,JA Leaning,,,EG Barnard,,
1271397,2021,2021-09-05,"St Lawrence Ground, Canterbury",2,90.1,90.1,Kent,Worcestershire,SW Billings,G Stewart,J Leach,0,0,,,,,,,,,,,,,
1271397,2021,2021-09-05,"St Lawrence Ground, Canterbury",2,90.2,90.2,Kent,Worcestershire,SW Billings,G Stewart,J Leach,0,0,,,,,,,,,,,,,
1271397,2021,2021-09-05,"St Lawrence Ground, Canterbury",2,90.3,90.3,Kent,Worcestershire,SW Billings,G Stewart,J Leach,4,0,,,,,,,,,,,,,
1271397,2021,2021-09-05,"St Lawrence Ground, Canterbury",2,90.4,90.4,Kent,Worcestershire,SW Billings,G Stewart,J Leach,0,0,,,,,,,,,,,,,
1271397,2021,2021-09-05,"St Lawrence Ground, Canterbury",2,90.5,90.5,Kent,Worcestershire,SW Billings,G Stewart,J Leach,0,0,,,,,,,,,,,,,
1271397,2021,2021-09-05,"St Lawrence Ground, Canterbury",2,90.6,90.6,Kent,Worcestershire,SW Billings,G Stewart,J Leach,4,0,,,,,,,,,,,,,
1271397,2021,2021-09-05,"St Lawrence Ground, Canterbury",2,91.1,91.1,Kent,Worcestershire,G Stewart,SW Billings,DY Pennington,0,0,,,,,,,,,,,,,
1271397,2021,2021-09-05,"St Lawrence Ground, Canterbury",2,91.2,91.2,Kent,Worcestershire,G Stewart,SW Billings,DY Pennington,0,0,,,,,,,,,,,,,
1271397,2021,2021-09-05,"St Lawrence Ground, Canterbury",2,91.3,91.3,Kent,Worcestershire,G Stewart,SW Billings,DY Pennington,0,0,,,,,,,,,,,,,
1271397,2021,2021-09-05,"St Lawrence Ground, Canterbury",2,91.4,91.4,Kent,Worcestershire,G Stewart,SW Billings,DY Pennington,0,0,,,,,,,,,,,,,
1271397,2021,2021-09-05,"St Lawrence Ground, Canterbury",2,91.5,91.5,Kent,Worcestershire,G Stewart,SW Billings,DY Pennington,0,1,,,,1,,,,,,,,,
1271397,2021,2021-09-05,"St Lawrence Ground, Canterbury",2,91.6,91.6,Kent,Worcestershire,SW Billings,G Stewart,DY Pennington,2,0,,,,,,,,,,,,,
1271397,2021,2021-09-05,"St Lawrence Ground, Canterbury",2,92.1,92.1,Kent,Worcestershire,G Stewart,SW Billings,JO Baker,4,0,,,,,,,,,,,,,
1271397,2021,2021-09-05,"St Lawrence Ground, Canterbury",2,92.2,92.2,Kent,Worcestershire,G Stewart,SW Billings,JO Baker,1,0,,,,,,,,,,,,,
1271397,2021,2021-09-05,"St Lawrence Ground, Canterbury",2,92.3,92.3,Kent,Worcestershire,SW Billings,G Stewart,JO Baker,0,0,,,,,,,,,,,,,
1271397,2021,2021-09-05,"St Lawrence Ground, Canterbury",2,92.4,92.4,Kent,Worcestershire,SW Billings,G Stewart,JO Baker,0,0,,,,,,,,,,,,,
1271397,2021,2021-09-05,"St Lawrence Ground, Canterbury",2,92.5,92.5,Kent,Worcestershire,SW Billings,G Stewart,JO Baker,0,0,,,,,,,caught,SW Billings,,,DY Pennington,,
1271397,2021,2021-09-05,"St Lawrence Ground, Canterbury",2,92.6,92.6,Kent,Worcestershire,G Stewart,ME Milnes,JO Baker,0,0,,,,,,,,,,,,,
1271397,2021,2021-09-05,"St Lawrence Ground, Canterbury",2,93.1,93.1,Kent,Worcestershire,ME Milnes,G Stewart,DY Pennington,1,0,,,,,,,,,,,,,
1271397,2021,2021-09-05,"St Lawrence Ground, Canterbury",2,93.2,93.2,Kent,Worcestershire,G Stewart,ME Milnes,DY Pennington,0,0,,,,,,,,,,,,,
1271397,2021,2021-09-05,"St Lawrence Ground, Canterbury",2,93.3,93.3,Kent,Worcestershire,G Stewart,ME Milnes,DY Pennington,0,0,,,,,,,,,,,,,
1271397,2021,2021-09-05,"St Lawrence Ground, Canterbury",2,93.4,93.4,Kent,Worcestershire,G Stewart,ME Milnes,DY Pennington,0,0,,,,,,,,,,,,,
1271397,2021,2021-09-05,"St Lawrence Ground, Canterbury",2,93.5,93.5,Kent,Worcestershire,G Stewart,ME Milnes,DY Pennington,0,0,,,,,,,,,,,,,
1271397,2021,2021-09-05,"St Lawrence Ground, Canterbury",2,93.6,93.6,Kent,Worcestershire,G Stewart,ME Milnes,DY Pennington,1,0,,,,,,,,,,,,,
1271397,2021,2021-09-05,"St Lawrence Ground, Canterbury",2,94.1,94.1,Kent,Worcestershire,G Stewart,ME Milnes,JO Baker,2,0,,,,,,,,,,,,,
1271397,2021,2021-09-05,"St Lawrence Ground, Canterbury",2,94.2,94.2,Kent,Worcestershire,G Stewart,ME Milnes,JO Baker,0,0,,,,,,,,,,,,,
1271397,2021,2021-09-05,"St Lawrence Ground, Canterbury",2,94.3,94.3,Kent,Worcestershire,G Stewart,ME Milnes,JO Baker,0,0,,,,,,,,,,,,,
1271397,2021,2021-09-05,"St Lawrence Ground, Canterbury",2,94.4,94.4,Kent,Worcestershire,G Stewart,ME Milnes,JO Baker,1,0,,,,,,,,,,,,,
1271397,2021,2021-09-05,"St Lawrence Ground, Canterbury",2,94.5,94.5,Kent,Worcestershire,ME Milnes,G Stewart,JO Baker,0,0,,,,,,,,,,,,,
1271397,2021,2021-09-05,"St Lawrence Ground, Canterbury",2,94.6,94.6,Kent,Worcestershire,ME Milnes,G Stewart,JO Baker,0,0,,,,,,,,,,,,,
1271397,2021,2021-09-05,"St Lawrence Ground, Canterbury",2,95.1,95.1,Kent,Worcestershire,G Stewart,ME Milnes,EG Barnard,0,0,,,,,,,,,,,,,
1271397,2021,2021-09-05,"St Lawrence Ground, Canterbury",2,95.2,95.2,Kent,Worcestershire,G Stewart,ME Milnes,EG Barnard,0,0,,,,,,,,,,,,,
1271397,2021,2021-09-05,"St Lawrence Ground, Canterbury",2,95.3,95.3,Kent,Worcestershire,G Stewart,ME Milnes,EG Barnard,0,0,,,,,,,,,,,,,
1271397,2021,2021-09-05,"St Lawrence Ground, Canterbury",2,95.4,95.4,Kent,Worcestershire,G Stewart,ME Milnes,EG Barnard,0,0,,,,,,,,,,,,,
1271397,2021,2021-09-05,"St Lawrence Ground, Canterbury",2,95.5,95.5,Kent,Worcestershire,G Stewart,ME Milnes,EG Barnard,0,0,,,,,,,,,,,,,
1271397,2021,2021-09-05,"St Lawrence Ground, Canterbury",2,95.6,95.6,Kent,Worcestershire,G Stewart,ME Milnes,EG Barnard,2,0,,,,,,,,,,,,,
1271397,2021,2021-09-05,"St Lawrence Ground, Canterbury",2,96.1,96.1,Kent,Worcestershire,ME Milnes,G Stewart,JO Baker,0,0,,,,,,,,,,,,,
1271397,2021,2021-09-05,"St Lawrence Ground, Canterbury",2,96.2,96.2,Kent,Worcestershire,ME Milnes,G Stewart,JO Baker,0,0,,,,,,,,,,,,,
1271397,2021,2021-09-05,"St Lawrence Ground, Canterbury",2,96.3,96.3,Kent,Worcestershire,ME Milnes,G Stewart,JO Baker,1,0,,,,,,,,,,,,,
1271397,2021,2021-09-05,"St Lawrence Ground, Canterbury",2,96.4,96.4,Kent,Worcestershire,G Stewart,ME Milnes,JO Baker,4,0,,,,,,,,,,,,,
1271397,2021,2021-09-05,"St Lawrence Ground, Canterbury",2,96.5,96.5,Kent,Worcestershire,G Stewart,ME Milnes,JO Baker,0,0,,,,,,,,,,,,,
1271397,2021,2021-09-05,"St Lawrence Ground, Canterbury",2,96.6,96.6,Kent,Worcestershire,G Stewart,ME Milnes,JO Baker,0,0,,,,,,,,,,,,,
1271397,2021,2021-09-05,"St Lawrence Ground, Canterbury",2,97.1,97.1,Kent,Worcestershire,ME Milnes,G Stewart,EG Barnard,0,0,,,,,,,,,,,,,
1271397,2021,2021-09-05,"St Lawrence Ground, Canterbury",2,97.2,97.2,Kent,Worcestershire,ME Milnes,G Stewart,EG Barnard,0,0,,,,,,,,,,,,,
1271397,2021,2021-09-05,"St Lawrence Ground, Canterbury",2,97.3,97.3,Kent,Worcestershire,ME Milnes,G Stewart,EG Barnard,0,0,,,,,,,,,,,,,
1271397,2021,2021-09-05,"St Lawrence Ground, Canterbury",2,97.4,97.4,Kent,Worcestershire,ME Milnes,G Stewart,EG Barnard,0,0,,,,,,,,,,,,,
1271397,2021,2021-09-05,"St Lawrence Ground, Canterbury",2,97.5,97.5,Kent,Worcestershire,ME Milnes,G Stewart,EG Barnard,0,0,,,,,,,,,,,,,
1271397,2021,2021-09-05,"St Lawrence Ground, Canterbury",2,97.6,97.6,Kent,Worcestershire,ME Milnes,G Stewart,EG Barnard,1,0,,,,,,,,,,,,,
1271397,2021,2021-09-05,"St Lawrence Ground, Canterbury",2,98.1,98.1,Kent,Worcestershire,ME Milnes,G Stewart,JO Baker,0,0,,,,,,,,,,,,,
1271397,2021,2021-09-05,"St Lawrence Ground, Canterbury",2,98.2,98.2,Kent,Worcestershire,ME Milnes,G Stewart,JO Baker,0,0,,,,,,,,,,,,,
1271397,2021,2021-09-05,"St Lawrence Ground, Canterbury",2,98.3,98.3,Kent,Worcestershire,ME Milnes,G Stewart,JO Baker,0,0,,,,,,,,,,,,,
1271397,2021,2021-09-05,"St Lawrence Ground, Canterbury",2,98.4,98.4,Kent,Worcestershire,ME Milnes,G Stewart,JO Baker,0,0,,,,,,,,,,,,,
1271397,2021,2021-09-05,"St Lawrence Ground, Canterbury",2,98.5,98.5,Kent,Worcestershire,ME Milnes,G Stewart,JO Baker,0,0,,,,,,,,,,,,,
1271397,2021,2021-09-05,"St Lawrence Ground, Canterbury",2,98.6,98.6,Kent,Worcestershire,ME Milnes,G Stewart,JO Baker,0,0,,,,,,,,,,,,,
1271397,2021,2021-09-05,"St Lawrence Ground, Canterbury",2,99.1,99.1,Kent,Worcestershire,G Stewart,ME Milnes,EG Barnard,4,0,,,,,,,,,,,,,
1271397,2021,2021-09-05,"St Lawrence Ground, Canterbury",2,99.2,99.2,Kent,Worcestershire,G Stewart,ME Milnes,EG Barnard,0,0,,,,,,,,,,,,,
1271397,2021,2021-09-05,"St Lawrence Ground, Canterbury",2,99.3,99.3,Kent,Worcestershire,G Stewart,ME Milnes,EG Barnard,0,0,,,,,,,,,,,,,
1271397,2021,2021-09-05,"St Lawrence Ground, Canterbury",2,99.4,99.4,Kent,Worcestershire,G Stewart,ME Milnes,EG Barnard,0,0,,,,,,,,,,,,,
1271397,2021,2021-09-05,"St Lawrence Ground, Canterbury",2,99.5,99.5,Kent,Worcestershire,G Stewart,ME Milnes,EG Barnard,0,0,,,,,,,,,,,,,
1271397,2021,2021-09-05,"St Lawrence Ground, Canterbury",2,99.6,99.6,Kent,Worcestershire,G Stewart,ME Milnes,EG Barnard,1,0,,,,,,,,,,,,,
1271397,2021,2021-09-05,"St Lawrence Ground, Canterbury",2,100.1,100.1,Kent,Worcestershire,G Stewart,ME Milnes,JO Baker,0,0,,,,,,,,,,,,,
1271397,2021,2021-09-05,"St Lawrence Ground, Canterbury",2,100.2,100.2,Kent,Worcestershire,G Stewart,ME Milnes,JO Baker,0,0,,,,,,,,,,,,,
1271397,2021,2021-09-05,"St Lawrence Ground, Canterbury",2,100.3,100.3,Kent,Worcestershire,G Stewart,ME Milnes,JO Baker,0,0,,,,,,,,,,,,,
1271397,2021,2021-09-05,"St Lawrence Ground, Canterbury",2,100.4,100.4,Kent,Worcestershire,G Stewart,ME Milnes,JO Baker,0,0,,,,,,,,,,,,,
1271397,2021,2021-09-05,"St Lawrence Ground, Canterbury",2,100.5,100.5,Kent,Worcestershire,G Stewart,ME Milnes,JO Baker,4,0,,,,,,,,,,,,,
1271397,2021,2021-09-05,"St Lawrence Ground, Canterbury",2,100.6,100.6,Kent,Worcestershire,G Stewart,ME Milnes,JO Baker,0,0,,,,,,,,,,,,,
1271397,2021,2021-09-05,"St Lawrence Ground, Canterbury",2,101.1,101.1,Kent,Worcestershire,ME Milnes,G Stewart,EG Barnard,0,0,,,,,,,,,,,,,
1271397,2021,2021-09-05,"St Lawrence Ground, Canterbury",2,101.2,101.2,Kent,Worcestershire,ME Milnes,G Stewart,EG Barnard,2,0,,,,,,,,,,,,,
1271397,2021,2021-09-05,"St Lawrence Ground, Canterbury",2,101.3,101.3,Kent,Worcestershire,ME Milnes,G Stewart,EG Barnard,0,0,,,,,,,,,,,,,
1271397,2021,2021-09-05,"St Lawrence Ground, Canterbury",2,101.4,101.4,Kent,Worcestershire,ME Milnes,G Stewart,EG Barnard,0,0,,,,,,,,,,,,,
1271397,2021,2021-09-05,"St Lawrence Ground, Canterbury",2,101.5,101.5,Kent,Worcestershire,ME Milnes,G Stewart,EG Barnard,0,0,,,,,,,,,,,,,
1271397,2021,2021-09-05,"St Lawrence Ground, Canterbury",2,101.6,101.6,Kent,Worcestershire,ME Milnes,G Stewart,EG Barnard,1,0,,,,,,,,,,,,,
1271397,2021,2021-09-05,"St Lawrence Ground, Canterbury",2,102.1,102.1,Kent,Worcestershire,ME Milnes,G Stewart,JO Baker,0,0,,,,,,,,,,,,,
1271397,2021,2021-09-05,"St Lawrence Ground, Canterbury",2,102.2,102.2,Kent,Worcestershire,ME Milnes,G Stewart,JO Baker,1,0,,,,,,,,,,,,,
1271397,2021,2021-09-05,"St Lawrence Ground, Canterbury",2,102.3,102.3,Kent,Worcestershire,G Stewart,ME Milnes,JO Baker,0,0,,,,,,,stumped,G Stewart,,,OB Cox,,
1271397,2021,2021-09-05,"St Lawrence Ground, Canterbury",2,102.4,102.4,Kent,Worcestershire,NN Gilchrist,ME Milnes,JO Baker,0,0,,,,,,,,,,,,,
1271397,2021,2021-09-05,"St Lawrence Ground, Canterbury",2,102.5,102.5,Kent,Worcestershire,NN Gilchrist,ME Milnes,JO Baker,0,0,,,,,,,,,,,,,
1271397,2021,2021-09-05,"St Lawrence Ground, Canterbury",2,102.6,102.6,Kent,Worcestershire,NN Gilchrist,ME Milnes,JO Baker,0,0,,,,,,,,,,,,,
1271397,2021,2021-09-05,"St Lawrence Ground, Canterbury",2,103.1,103.1,Kent,Worcestershire,ME Milnes,NN Gilchrist,EG Barnard,1,0,,,,,,,,,,,,,
1271397,2021,2021-09-05,"St Lawrence Ground, Canterbury",2,103.2,103.2,Kent,Worcestershire,NN Gilchrist,ME Milnes,EG Barnard,0,0,,,,,,,,,,,,,
1271397,2021,2021-09-05,"St Lawrence Ground, Canterbury",2,103.3,103.3,Kent,Worcestershire,NN Gilchrist,ME Milnes,EG Barnard,0,0,,,,,,,,,,,,,
1271397,2021,2021-09-05,"St Lawrence Ground, Canterbury",2,103.4,103.4,Kent,Worcestershire,NN Gilchrist,ME Milnes,EG Barnard,1,0,,,,,,,,,,,,,
1271397,2021,2021-09-05,"St Lawrence Ground, Canterbury",2,103.5,103.5,Kent,Worcestershire,ME Milnes,NN Gilchrist,EG Barnard,0,0,,,,,,,,,,,,,
1271397,2021,2021-09-05,"St Lawrence Ground, Canterbury",2,103.6,103.6,Kent,Worcestershire,ME Milnes,NN Gilchrist,EG Barnard,0,0,,,,,,,,,,,,,
1271397,2021,2021-09-05,"St Lawrence Ground, Canterbury",2,104.1,104.1,Kent,Worcestershire,NN Gilchrist,ME Milnes,JO Baker,0,0,,,,,,,,,,,,,
1271397,2021,2021-09-05,"St Lawrence Ground, Canterbury",2,104.2,104.2,Kent,Worcestershire,NN Gilchrist,ME Milnes,JO Baker,0,0,,,,,,,,,,,,,
1271397,2021,2021-09-05,"St Lawrence Ground, Canterbury",2,104.3,104.3,Kent,Worcestershire,NN Gilchrist,ME Milnes,JO Baker,0,0,,,,,,,,,,,,,
1271397,2021,2021-09-05,"St Lawrence Ground, Canterbury",2,104.4,104.4,Kent,Worcestershire,NN Gilchrist,ME Milnes,JO Baker,0,0,,,,,,,,,,,,,
1271397,2021,2021-09-05,"St Lawrence Ground, Canterbury",2,104.5,104.5,Kent,Worcestershire,NN Gilchrist,ME Milnes,JO Baker,0,0,,,,,,,,,,,,,
1271397,2021,2021-09-05,"St Lawrence Ground, Canterbury",2,104.6,104.6,Kent,Worcestershire,NN Gilchrist,ME Milnes,JO Baker,0,0,,,,,,,,,,,,,
1271397,2021,2021-09-05,"St Lawrence Ground, Canterbury",2,105.1,105.1,Kent,Worcestershire,ME Milnes,NN Gilchrist,EG Barnard,0,0,,,,,,,,,,,,,
1271397,2021,2021-09-05,"St Lawrence Ground, Canterbury",2,105.2,105.2,Kent,Worcestershire,ME Milnes,NN Gilchrist,EG Barnard,2,0,,,,,,,,,,,,,
1271397,2021,2021-09-05,"St Lawrence Ground, Canterbury",2,105.3,105.3,Kent,Worcestershire,ME Milnes,NN Gilchrist,EG Barnard,1,0,,,,,,,,,,,,,
1271397,2021,2021-09-05,"St Lawrence Ground, Canterbury",2,105.4,105.4,Kent,Worcestershire,NN Gilchrist,ME Milnes,EG Barnard,0,0,,,,,,,,,,,,,
1271397,2021,2021-09-05,"St Lawrence Ground, Canterbury",2,105.5,105.5,Kent,Worcestershire,NN Gilchrist,ME Milnes,EG Barnard,2,0,,,,,,,,,,,,,
1271397,2021,2021-09-05,"St Lawrence Ground, Canterbury",2,105.6,105.6,Kent,Worcestershire,NN Gilchrist,ME Milnes,EG Barnard,0,0,,,,,,,,,,,,,
1271397,2021,2021-09-05,"St Lawrence Ground, Canterbury",2,106.1,106.1,Kent,Worcestershire,ME Milnes,NN Gilchrist,JO Baker,0,0,,,,,,,,,,,,,
1271397,2021,2021-09-05,"St Lawrence Ground, Canterbury",2,106.2,106.2,Kent,Worcestershire,ME Milnes,NN Gilchrist,JO Baker,3,0,,,,,,,,,,,,,
1271397,2021,2021-09-05,"St Lawrence Ground, Canterbury",2,106.3,106.3,Kent,Worcestershire,NN Gilchrist,ME Milnes,JO Baker,0,0,,,,,,,,,,,,,
1271397,2021,2021-09-05,"St Lawrence Ground, Canterbury",2,106.4,106.4,Kent,Worcestershire,NN Gilchrist,ME Milnes,JO Baker,0,0,,,,,,,,,,,,,
1271397,2021,2021-09-05,"St Lawrence Ground, Canterbury",2,106.5,106.5,Kent,Worcestershire,NN Gilchrist,ME Milnes,JO Baker,0,0,,,,,,,,,,,,,
1271397,2021,2021-09-05,"St Lawrence Ground, Canterbury",2,106.6,106.6,Kent,Worcestershire,NN Gilchrist,ME Milnes,JO Baker,0,0,,,,,,,,,,,,,
1271397,2021,2021-09-05,"St Lawrence Ground, Canterbury",2,107.1,107.1,Kent,Worcestershire,ME Milnes,NN Gilchrist,AW Finch,1,0,,,,,,,,,,,,,
1271397,2021,2021-09-05,"St Lawrence Ground, Canterbury",2,107.2,107.2,Kent,Worcestershire,NN Gilchrist,ME Milnes,AW Finch,0,0,,,,,,,,,,,,,
1271397,2021,2021-09-05,"St Lawrence Ground, Canterbury",2,107.3,107.3,Kent,Worcestershire,NN Gilchrist,ME Milnes,AW Finch,1,0,,,,,,,,,,,,,
1271397,2021,2021-09-05,"St Lawrence Ground, Canterbury",2,107.4,107.4,Kent,Worcestershire,ME Milnes,NN Gilchrist,AW Finch,0,0,,,,,,,,,,,,,
1271397,2021,2021-09-05,"St Lawrence Ground, Canterbury",2,107.5,107.5,Kent,Worcestershire,ME Milnes,NN Gilchrist,AW Finch,0,0,,,,,,,,,,,,,
1271397,2021,2021-09-05,"St Lawrence Ground, Canterbury",2,107.6,107.6,Kent,Worcestershire,ME Milnes,NN Gilchrist,AW Finch,1,0,,,,,,,,,,,,,
1271397,2021,2021-09-05,"St Lawrence Ground, Canterbury",2,108.1,108.1,Kent,Worcestershire,ME Milnes,NN Gilchrist,JO Baker,0,0,,,,,,,,,,,,,
1271397,2021,2021-09-05,"St Lawrence Ground, Canterbury",2,108.2,108.2,Kent,Worcestershire,ME Milnes,NN Gilchrist,JO Baker,1,0,,,,,,,,,,,,,
1271397,2021,2021-09-05,"St Lawrence Ground, Canterbury",2,108.3,108.3,Kent,Worcestershire,NN Gilchrist,ME Milnes,JO Baker,0,0,,,,,,,,,,,,,
1271397,2021,2021-09-05,"St Lawrence Ground, Canterbury",2,108.4,108.4,Kent,Worcestershire,NN Gilchrist,ME Milnes,JO Baker,0,0,,,,,,,,,,,,,
1271397,2021,2021-09-05,"St Lawrence Ground, Canterbury",2,108.5,108.5,Kent,Worcestershire,NN Gilchrist,ME Milnes,JO Baker,4,0,,,,,,,,,,,,,
1271397,2021,2021-09-05,"St Lawrence Ground, Canterbury",2,108.6,108.6,Kent,Worcestershire,NN Gilchrist,ME Milnes,JO Baker,0,0,,,,,,,,,,,,,
1271397,2021,2021-09-05,"St Lawrence Ground, Canterbury",2,109.1,109.1,Kent,Worcestershire,ME Milnes,NN Gilchrist,AW Finch,0,0,,,,,,,,,,,,,
1271397,2021,2021-09-05,"St Lawrence Ground, Canterbury",2,109.2,109.2,Kent,Worcestershire,ME Milnes,NN Gilchrist,AW Finch,0,2,,,,2,,,,,,,,,
1271397,2021,2021-09-05,"St Lawrence Ground, Canterbury",2,109.3,109.3,Kent,Worcestershire,ME Milnes,NN Gilchrist,AW Finch,0,0,,,,,,,,,,,,,
1271397,2021,2021-09-05,"St Lawrence Ground, Canterbury",2,109.4,109.4,Kent,Worcestershire,ME Milnes,NN Gilchrist,AW Finch,1,2,,2,,,,,,,,,,,
1271397,2021,2021-09-05,"St Lawrence Ground, Canterbury",2,109.5,109.4,Kent,Worcestershire,NN Gilchrist,ME Milnes,AW Finch,0,0,,,,,,,,,,,,,
1271397,2021,2021-09-05,"St Lawrence Ground, Canterbury",2,109.6,109.5,Kent,Worcestershire,NN Gilchrist,ME Milnes,AW Finch,0,0,,,,,,,caught,NN Gilchrist,,,OB Cox,,
1271397,2021,2021-09-05,"St Lawrence Ground, Canterbury",2,109.7,109.6,Kent,Worcestershire,JEG Logan,ME Milnes,AW Finch,1,0,,,,,,,,,,,,,
1271397,2021,2021-09-05,"St Lawrence Ground, Canterbury",2,110.1,110.1,Kent,Worcestershire,JEG Logan,ME Milnes,JO Baker,1,0,,,,,,,,,,,,,
1271397,2021,2021-09-05,"St Lawrence Ground, Canterbury",2,110.2,110.2,Kent,Worcestershire,ME Milnes,JEG Logan,JO Baker,1,0,,,,,,,,,,,,,
1271397,2021,2021-09-05,"St Lawrence Ground, Canterbury",2,110.3,110.3,Kent,Worcestershire,JEG Logan,ME Milnes,JO Baker,1,0,,,,,,,,,,,,,
1271397,2021,2021-09-05,"St Lawrence Ground, Canterbury",2,110.4,110.4,Kent,Worcestershire,ME Milnes,JEG Logan,JO Baker,6,0,,,,,,,,,,,,,
1271397,2021,2021-09-05,"St Lawrence Ground, Canterbury",2,110.5,110.5,Kent,Worcestershire,ME Milnes,JEG Logan,JO Baker,0,0,,,,,,,,,,,,,
1271397,2021,2021-09-05,"St Lawrence Ground, Canterbury",2,110.6,110.6,Kent,Worcestershire,ME Milnes,JEG Logan,JO Baker,0,0,,,,,,,,,,,,,
1271397,2021,2021-09-05,"St Lawrence Ground, Canterbury",2,111.1,111.1,Kent,Worcestershire,JEG Logan,ME Milnes,AW Finch,0,1,1,,,,,,,,,,,,
1271397,2021,2021-09-05,"St Lawrence Ground, Canterbury",2,111.2,111.1,Kent,Worcestershire,JEG Logan,ME Milnes,AW Finch,0,0,,,,,,,,,,,,,
1271397,2021,2021-09-05,"St Lawrence Ground, Canterbury",2,111.3,111.2,Kent,Worcestershire,JEG Logan,ME Milnes,AW Finch,0,0,,,,,,,,,,,,,
1271397,2021,2021-09-05,"St Lawrence Ground, Canterbury",2,111.4,111.3,Kent,Worcestershire,JEG Logan,ME Milnes,AW Finch,0,0,,,,,,,,,,,,,
1271397,2021,2021-09-05,"St Lawrence Ground, Canterbury",2,111.5,111.4,Kent,Worcestershire,JEG Logan,ME Milnes,AW Finch,0,0,,,,,,,,,,,,,
1271397,2021,2021-09-05,"St Lawrence Ground, Canterbury",2,111.6,111.5,Kent,Worcestershire,JEG Logan,ME Milnes,AW Finch,1,0,,,,,,,,,,,,,
1271397,2021,2021-09-05,"St Lawrence Ground, Canterbury",2,111.7,111.6,Kent,Worcestershire,ME Milnes,JEG Logan,AW Finch,0,0,,,,,,,,,,,,,
1271397,2021,2021-09-05,"St Lawrence Ground, Canterbury",2,112.1,112.1,Kent,Worcestershire,JEG Logan,ME Milnes,JO Baker,0,0,,,,,,,,,,,,,
1271397,2021,2021-09-05,"St Lawrence Ground, Canterbury",2,112.2,112.2,Kent,Worcestershire,JEG Logan,ME Milnes,JO Baker,1,0,,,,,,,,,,,,,
1271397,2021,2021-09-05,"St Lawrence Ground, Canterbury",2,112.3,112.3,Kent,Worcestershire,ME Milnes,JEG Logan,JO Baker,1,0,,,,,,,,,,,,,
1271397,2021,2021-09-05,"St Lawrence Ground, Canterbury",2,112.4,112.4,Kent,Worcestershire,JEG Logan,ME Milnes,JO Baker,0,0,,,,,,,,,,,,,
1271397,2021,2021-09-05,"St Lawrence Ground, Canterbury",2,112.5,112.5,Kent,Worcestershire,JEG Logan,ME Milnes,JO Baker,1,0,,,,,,,,,,,,,
1271397,2021,2021-09-05,"St Lawrence Ground, Canterbury",2,112.6,112.6,Kent,Worcestershire,ME Milnes,JEG Logan,JO Baker,0,0,,,,,,,,,,,,,
1271397,2021,2021-09-05,"St Lawrence Ground, Canterbury",2,113.1,113.1,Kent,Worcestershire,JEG Logan,ME Milnes,DY Pennington,0,0,,,,,,,,,,,,,
1271397,2021,2021-09-05,"St Lawrence Ground, Canterbury",2,113.2,113.2,Kent,Worcestershire,JEG Logan,ME Milnes,DY Pennington,0,0,,,,,,,,,,,,,
1271397,2021,2021-09-05,"St Lawrence Ground, Canterbury",2,113.3,113.3,Kent,Worcestershire,JEG Logan,ME Milnes,DY Pennington,0,0,,,,,,,,,,,,,
1271397,2021,2021-09-05,"St Lawrence Ground, Canterbury",2,113.4,113.4,Kent,Worcestershire,JEG Logan,ME Milnes,DY Pennington,4,0,,,,,,,,,,,,,
1271397,2021,2021-09-05,"St Lawrence Ground, Canterbury",2,113.5,113.5,Kent,Worcestershire,JEG Logan,ME Milnes,DY Pennington,2,0,,,,,,,,,,,,,
1271397,2021,2021-09-05,"St Lawrence Ground, Canterbury",2,113.6,113.6,Kent,Worcestershire,JEG Logan,ME Milnes,DY Pennington,0,0,,,,,,,,,,,,,
1271397,2021,2021-09-05,"St Lawrence Ground, Canterbury",2,114.1,114.1,Kent,Worcestershire,ME Milnes,JEG Logan,JO Baker,1,0,,,,,,,,,,,,,
1271397,2021,2021-09-05,"St Lawrence Ground, Canterbury",2,114.2,114.2,Kent,Worcestershire,JEG Logan,ME Milnes,JO Baker,0,0,,,,,,,bowled,JEG Logan,,,,,
1271397,2021,2021-09-05,"St Lawrence Ground, Canterbury",3,0.1,0.1,Worcestershire,Kent,DKH Mitchell,JD Libby,ME Milnes,0,0,,,,,,,,,,,,,
1271397,2021,2021-09-05,"St Lawrence Ground, Canterbury",3,0.2,0.2,Worcestershire,Kent,DKH Mitchell,JD Libby,ME Milnes,0,0,,,,,,,,,,,,,
1271397,2021,2021-09-05,"St Lawrence Ground, Canterbury",3,0.3,0.3,Worcestershire,Kent,DKH Mitchell,JD Libby,ME Milnes,0,0,,,,,,,,,,,,,
1271397,2021,2021-09-05,"St Lawrence Ground, Canterbury",3,0.4,0.4,Worcestershire,Kent,DKH Mitchell,JD Libby,ME Milnes,0,0,,,,,,,,,,,,,
1271397,2021,2021-09-05,"St Lawrence Ground, Canterbury",3,0.5,0.5,Worcestershire,Kent,DKH Mitchell,JD Libby,ME Milnes,0,0,,,,,,,,,,,,,
1271397,2021,2021-09-05,"St Lawrence Ground, Canterbury",3,0.6,0.6,Worcestershire,Kent,DKH Mitchell,JD Libby,ME Milnes,3,0,,,,,,,,,,,,,
1271397,2021,2021-09-05,"St Lawrence Ground, Canterbury",3,1.1,1.1,Worcestershire,Kent,DKH Mitchell,JD Libby,DI Stevens,0,0,,,,,,,,,,,,,
1271397,2021,2021-09-05,"St Lawrence Ground, Canterbury",3,1.2,1.2,Worcestershire,Kent,DKH Mitchell,JD Libby,DI Stevens,0,0,,,,,,,,,,,,,
1271397,2021,2021-09-05,"St Lawrence Ground, Canterbury",3,1.3,1.3,Worcestershire,Kent,DKH Mitchell,JD Libby,DI Stevens,3,0,,,,,,,,,,,,,
1271397,2021,2021-09-05,"St Lawrence Ground, Canterbury",3,1.4,1.4,Worcestershire,Kent,JD Libby,DKH Mitchell,DI Stevens,0,0,,,,,,,,,,,,,
1271397,2021,2021-09-05,"St Lawrence Ground, Canterbury",3,1.5,1.5,Worcestershire,Kent,JD Libby,DKH Mitchell,DI Stevens,0,0,,,,,,,,,,,,,
1271397,2021,2021-09-05,"St Lawrence Ground, Canterbury",3,1.6,1.6,Worcestershire,Kent,JD Libby,DKH Mitchell,DI Stevens,4,0,,,,,,,,,,,,,
1271397,2021,2021-09-05,"St Lawrence Ground, Canterbury",3,2.1,2.1,Worcestershire,Kent,DKH Mitchell,JD Libby,ME Milnes,0,0,,,,,,,,,,,,,
1271397,2021,2021-09-05,"St Lawrence Ground, Canterbury",3,2.2,2.2,Worcestershire,Kent,DKH Mitchell,JD Libby,ME Milnes,0,0,,,,,,,,,,,,,
1271397,2021,2021-09-05,"St Lawrence Ground, Canterbury",3,2.3,2.3,Worcestershire,Kent,DKH Mitchell,JD Libby,ME Milnes,0,0,,,,,,,,,,,,,
1271397,2021,2021-09-05,"St Lawrence Ground, Canterbury",3,2.4,2.4,Worcestershire,Kent,DKH Mitchell,JD Libby,ME Milnes,4,0,,,,,,,,,,,,,
1271397,2021,2021-09-05,"St Lawrence Ground, Canterbury",3,2.5,2.5,Worcestershire,Kent,DKH Mitchell,JD Libby,ME Milnes,3,0,,,,,,,,,,,,,
1271397,2021,2021-09-05,"St Lawrence Ground, Canterbury",3,2.6,2.6,Worcestershire,Kent,JD Libby,DKH Mitchell,ME Milnes,0,0,,,,,,,,,,,,,
1271397,2021,2021-09-05,"St Lawrence Ground, Canterbury",3,3.1,3.1,Worcestershire,Kent,DKH Mitchell,JD Libby,DI Stevens,0,0,,,,,,,,,,,,,
1271397,2021,2021-09-05,"St Lawrence Ground, Canterbury",3,3.2,3.2,Worcestershire,Kent,DKH Mitchell,JD Libby,DI Stevens,0,0,,,,,,,,,,,,,
1271397,2021,2021-09-05,"St Lawrence Ground, Canterbury",3,3.3,3.3,Worcestershire,Kent,DKH Mitchell,JD Libby,DI Stevens,0,0,,,,,,,,,,,,,
1271397,2021,2021-09-05,"St Lawrence Ground, Canterbury",3,3.4,3.4,Worcestershire,Kent,DKH Mitchell,JD Libby,DI Stevens,0,0,,,,,,,,,,,,,
1271397,2021,2021-09-05,"St Lawrence Ground, Canterbury",3,3.5,3.5,Worcestershire,Kent,DKH Mitchell,JD Libby,DI Stevens,0,0,,,,,,,,,,,,,
1271397,2021,2021-09-05,"St Lawrence Ground, Canterbury",3,3.6,3.6,Worcestershire,Kent,DKH Mitchell,JD Libby,DI Stevens,0,0,,,,,,,,,,,,,
1271397,2021,2021-09-05,"St Lawrence Ground, Canterbury",3,4.1,4.1,Worcestershire,Kent,JD Libby,DKH Mitchell,ME Milnes,1,0,,,,,,,,,,,,,
1271397,2021,2021-09-05,"St Lawrence Ground, Canterbury",3,4.2,4.2,Worcestershire,Kent,DKH Mitchell,JD Libby,ME Milnes,0,0,,,,,,,,,,,,,
1271397,2021,2021-09-05,"St Lawrence Ground, Canterbury",3,4.3,4.3,Worcestershire,Kent,DKH Mitchell,JD Libby,ME Milnes,1,0,,,,,,,,,,,,,
1271397,2021,2021-09-05,"St Lawrence Ground, Canterbury",3,4.4,4.4,Worcestershire,Kent,JD Libby,DKH Mitchell,ME Milnes,0,0,,,,,,,,,,,,,
1271397,2021,2021-09-05,"St Lawrence Ground, Canterbury",3,4.5,4.5,Worcestershire,Kent,JD Libby,DKH Mitchell,ME Milnes,0,0,,,,,,,,,,,,,
1271397,2021,2021-09-05,"St Lawrence Ground, Canterbury",3,4.6,4.6,Worcestershire,Kent,JD Libby,DKH Mitchell,ME Milnes,0,0,,,,,,,,,,,,,
1271397,2021,2021-09-05,"St Lawrence Ground, Canterbury",3,5.1,5.1,Worcestershire,Kent,DKH Mitchell,JD Libby,DI Stevens,0,0,,,,,,,bowled,DKH Mitchell,,,,,
1271397,2021,2021-09-05,"St Lawrence Ground, Canterbury",3,5.2,5.2,Worcestershire,Kent,TC Fell,JD Libby,DI Stevens,0,0,,,,,,,,,,,,,
1271397,2021,2021-09-05,"St Lawrence Ground, Canterbury",3,5.3,5.3,Worcestershire,Kent,TC Fell,JD Libby,DI Stevens,0,0,,,,,,,,,,,,,
1271397,2021,2021-09-05,"St Lawrence Ground, Canterbury",3,5.4,5.4,Worcestershire,Kent,TC Fell,JD Libby,DI Stevens,0,0,,,,,,,,,,,,,
1271397,2021,2021-09-05,"St Lawrence Ground, Canterbury",3,5.5,5.5,Worcestershire,Kent,TC Fell,JD Libby,DI Stevens,0,0,,,,,,,,,,,,,
1271397,2021,2021-09-05,"St Lawrence Ground, Canterbury",3,5.6,5.6,Worcestershire,Kent,TC Fell,JD Libby,DI Stevens,0,0,,,,,,,,,,,,,
1271397,2021,2021-09-05,"St Lawrence Ground, Canterbury",3,6.1,6.1,Worcestershire,Kent,JD Libby,TC Fell,ME Milnes,0,0,,,,,,,,,,,,,
1271397,2021,2021-09-05,"St Lawrence Ground, Canterbury",3,6.2,6.2,Worcestershire,Kent,JD Libby,TC Fell,ME Milnes,0,0,,,,,,,,,,,,,
1271397,2021,2021-09-05,"St Lawrence Ground, Canterbury",3,6.3,6.3,Worcestershire,Kent,JD Libby,TC Fell,ME Milnes,0,0,,,,,,,,,,,,,
1271397,2021,2021-09-05,"St Lawrence Ground, Canterbury",3,6.4,6.4,Worcestershire,Kent,JD Libby,TC Fell,ME Milnes,0,0,,,,,,,,,,,,,
1271397,2021,2021-09-05,"St Lawrence Ground, Canterbury",3,6.5,6.5,Worcestershire,Kent,JD Libby,TC Fell,ME Milnes,0,0,,,,,,,,,,,,,
1271397,2021,2021-09-05,"St Lawrence Ground, Canterbury",3,6.6,6.6,Worcestershire,Kent,JD Libby,TC Fell,ME Milnes,0,0,,,,,,,,,,,,,
1271397,2021,2021-09-05,"St Lawrence Ground, Canterbury",3,7.1,7.1,Worcestershire,Kent,TC Fell,JD Libby,DI Stevens,0,0,,,,,,,,,,,,,
1271397,2021,2021-09-05,"St Lawrence Ground, Canterbury",3,7.2,7.2,Worcestershire,Kent,TC Fell,JD Libby,DI Stevens,0,0,,,,,,,,,,,,,
1271397,2021,2021-09-05,"St Lawrence Ground, Canterbury",3,7.3,7.3,Worcestershire,Kent,TC Fell,JD Libby,DI Stevens,0,0,,,,,,,,,,,,,
1271397,2021,2021-09-05,"St Lawrence Ground, Canterbury",3,7.4,7.4,Worcestershire,Kent,TC Fell,JD Libby,DI Stevens,0,0,,,,,,,,,,,,,
1271397,2021,2021-09-05,"St Lawrence Ground, Canterbury",3,7.5,7.5,Worcestershire,Kent,TC Fell,JD Libby,DI Stevens,4,0,,,,,,,,,,,,,
1271397,2021,2021-09-05,"St Lawrence Ground, Canterbury",3,7.6,7.6,Worcestershire,Kent,TC Fell,JD Libby,DI Stevens,2,0,,,,,,,,,,,,,
1271397,2021,2021-09-05,"St Lawrence Ground, Canterbury",3,8.1,8.1,Worcestershire,Kent,JD Libby,TC Fell,ME Milnes,0,0,,,,,,,,,,,,,
1271397,2021,2021-09-05,"St Lawrence Ground, Canterbury",3,8.2,8.2,Worcestershire,Kent,JD Libby,TC Fell,ME Milnes,4,0,,,,,,,,,,,,,
1271397,2021,2021-09-05,"St Lawrence Ground, Canterbury",3,8.3,8.3,Worcestershire,Kent,JD Libby,TC Fell,ME Milnes,0,0,,,,,,,,,,,,,
1271397,2021,2021-09-05,"St Lawrence Ground, Canterbury",3,8.4,8.4,Worcestershire,Kent,JD Libby,TC Fell,ME Milnes,0,0,,,,,,,,,,,,,
1271397,2021,2021-09-05,"St Lawrence Ground, Canterbury",3,8.5,8.5,Worcestershire,Kent,JD Libby,TC Fell,ME Milnes,4,0,,,,,,,,,,,,,
1271397,2021,2021-09-05,"St Lawrence Ground, Canterbury",3,8.6,8.6,Worcestershire,Kent,JD Libby,TC Fell,ME Milnes,0,0,,,,,,,,,,,,,
1271397,2021,2021-09-05,"St Lawrence Ground, Canterbury",3,9.1,9.1,Worcestershire,Kent,TC Fell,JD Libby,DI Stevens,0,0,,,,,,,,,,,,,
1271397,2021,2021-09-05,"St Lawrence Ground, Canterbury",3,9.2,9.2,Worcestershire,Kent,TC Fell,JD Libby,DI Stevens,0,0,,,,,,,,,,,,,
1271397,2021,2021-09-05,"St Lawrence Ground, Canterbury",3,9.3,9.3,Worcestershire,Kent,TC Fell,JD Libby,DI Stevens,0,0,,,,,,,,,,,,,
1271397,2021,2021-09-05,"St Lawrence Ground, Canterbury",3,9.4,9.4,Worcestershire,Kent,TC Fell,JD Libby,DI Stevens,4,0,,,,,,,,,,,,,
1271397,2021,2021-09-05,"St Lawrence Ground, Canterbury",3,9.5,9.5,Worcestershire,Kent,TC Fell,JD Libby,DI Stevens,0,0,,,,,,,,,,,,,
1271397,2021,2021-09-05,"St Lawrence Ground, Canterbury",3,9.6,9.6,Worcestershire,Kent,TC Fell,JD Libby,DI Stevens,0,0,,,,,,,,,,,,,
1271397,2021,2021-09-05,"St Lawrence Ground, Canterbury",3,10.1,10.1,Worcestershire,Kent,JD Libby,TC Fell,G Stewart,0,0,,,,,,,,,,,,,
1271397,2021,2021-09-05,"St Lawrence Ground, Canterbury",3,10.2,10.2,Worcestershire,Kent,JD Libby,TC Fell,G Stewart,0,0,,,,,,,,,,,,,
1271397,2021,2021-09-05,"St Lawrence Ground, Canterbury",3,10.3,10.3,Worcestershire,Kent,JD Libby,TC Fell,G Stewart,1,0,,,,,,,,,,,,,
1271397,2021,2021-09-05,"St Lawrence Ground, Canterbury",3,10.4,10.4,Worcestershire,Kent,TC Fell,JD Libby,G Stewart,0,0,,,,,,,,,,,,,
1271397,2021,2021-09-05,"St Lawrence Ground, Canterbury",3,10.5,10.5,Worcestershire,Kent,TC Fell,JD Libby,G Stewart,0,0,,,,,,,,,,,,,
1271397,2021,2021-09-05,"St Lawrence Ground, Canterbury",3,10.6,10.6,Worcestershire,Kent,TC Fell,JD Libby,G Stewart,0,0,,,,,,,,,,,,,
1271397,2021,2021-09-05,"St Lawrence Ground, Canterbury",3,11.1,11.1,Worcestershire,Kent,JD Libby,TC Fell,NN Gilchrist,0,0,,,,,,,,,,,,,
1271397,2021,2021-09-05,"St Lawrence Ground, Canterbury",3,11.2,11.2,Worcestershire,Kent,JD Libby,TC Fell,NN Gilchrist,0,0,,,,,,,,,,,,,
1271397,2021,2021-09-05,"St Lawrence Ground, Canterbury",3,11.3,11.3,Worcestershire,Kent,JD Libby,TC Fell,NN Gilchrist,0,0,,,,,,,,,,,,,
1271397,2021,2021-09-05,"St Lawrence Ground, Canterbury",3,11.4,11.4,Worcestershire,Kent,JD Libby,TC Fell,NN Gilchrist,0,0,,,,,,,,,,,,,
1271397,2021,2021-09-05,"St Lawrence Ground, Canterbury",3,11.5,11.5,Worcestershire,Kent,JD Libby,TC Fell,NN Gilchrist,1,0,,,,,,,,,,,,,
1271397,2021,2021-09-05,"St Lawrence Ground, Canterbury",3,11.6,11.6,Worcestershire,Kent,TC Fell,JD Libby,NN Gilchrist,0,0,,,,,,,,,,,,,
1271397,2021,2021-09-05,"St Lawrence Ground, Canterbury",3,12.1,12.1,Worcestershire,Kent,JD Libby,TC Fell,G Stewart,0,0,,,,,,,,,,,,,
1271397,2021,2021-09-05,"St Lawrence Ground, Canterbury",3,12.2,12.2,Worcestershire,Kent,JD Libby,TC Fell,G Stewart,0,0,,,,,,,,,,,,,
1271397,2021,2021-09-05,"St Lawrence Ground, Canterbury",3,12.3,12.3,Worcestershire,Kent,JD Libby,TC Fell,G Stewart,2,0,,,,,,,,,,,,,
1271397,2021,2021-09-05,"St Lawrence Ground, Canterbury",3,12.4,12.4,Worcestershire,Kent,JD Libby,TC Fell,G Stewart,1,0,,,,,,,,,,,,,
1271397,2021,2021-09-05,"St Lawrence Ground, Canterbury",3,12.5,12.5,Worcestershire,Kent,TC Fell,JD Libby,G Stewart,0,4,,,,4,,,,,,,,,
1271397,2021,2021-09-05,"St Lawrence Ground, Canterbury",3,12.6,12.6,Worcestershire,Kent,TC Fell,JD Libby,G Stewart,0,0,,,,,,,,,,,,,
1271397,2021,2021-09-05,"St Lawrence Ground, Canterbury",3,13.1,13.1,Worcestershire,Kent,JD Libby,TC Fell,NN Gilchrist,0,0,,,,,,,,,,,,,
1271397,2021,2021-09-05,"St Lawrence Ground, Canterbury",3,13.2,13.2,Worcestershire,Kent,JD Libby,TC Fell,NN Gilchrist,0,0,,,,,,,,,,,,,
1271397,2021,2021-09-05,"St Lawrence Ground, Canterbury",3,13.3,13.3,Worcestershire,Kent,JD Libby,TC Fell,NN Gilchrist,4,0,,,,,,,,,,,,,
1271397,2021,2021-09-05,"St Lawrence Ground, Canterbury",3,13.4,13.4,Worcestershire,Kent,JD Libby,TC Fell,NN Gilchrist,1,0,,,,,,,,,,,,,
1271397,2021,2021-09-05,"St Lawrence Ground, Canterbury",3,13.5,13.5,Worcestershire,Kent,TC Fell,JD Libby,NN Gilchrist,0,0,,,,,,,,,,,,,
1271397,2021,2021-09-05,"St Lawrence Ground, Canterbury",3,13.6,13.6,Worcestershire,Kent,TC Fell,JD Libby,NN Gilchrist,0,0,,,,,,,,,,,,,
1271397,2021,2021-09-05,"St Lawrence Ground, Canterbury",3,14.1,14.1,Worcestershire,Kent,JD Libby,TC Fell,G Stewart,0,0,,,,,,,,,,,,,
1271397,2021,2021-09-05,"St Lawrence Ground, Canterbury",3,14.2,14.2,Worcestershire,Kent,JD Libby,TC Fell,G Stewart,0,0,,,,,,,lbw,JD Libby,,,,,
1271397,2021,2021-09-05,"St Lawrence Ground, Canterbury",3,14.3,14.3,Worcestershire,Kent,JA Haynes,TC Fell,G Stewart,0,0,,,,,,,,,,,,,
1271397,2021,2021-09-05,"St Lawrence Ground, Canterbury",3,14.4,14.4,Worcestershire,Kent,JA Haynes,TC Fell,G Stewart,0,0,,,,,,,,,,,,,
1271397,2021,2021-09-05,"St Lawrence Ground, Canterbury",3,14.5,14.5,Worcestershire,Kent,JA Haynes,TC Fell,G Stewart,0,0,,,,,,,,,,,,,
1271397,2021,2021-09-05,"St Lawrence Ground, Canterbury",3,14.6,14.6,Worcestershire,Kent,JA Haynes,TC Fell,G Stewart,0,0,,,,,,,,,,,,,
1271397,2021,2021-09-05,"St Lawrence Ground, Canterbury",3,15.1,15.1,Worcestershire,Kent,TC Fell,JA Haynes,NN Gilchrist,0,0,,,,,,,,,,,,,
1271397,2021,2021-09-05,"St Lawrence Ground, Canterbury",3,15.2,15.2,Worcestershire,Kent,TC Fell,JA Haynes,NN Gilchrist,0,0,,,,,,,,,,,,,
1271397,2021,2021-09-05,"St Lawrence Ground, Canterbury",3,15.3,15.3,Worcestershire,Kent,TC Fell,JA Haynes,NN Gilchrist,0,0,,,,,,,,,,,,,
1271397,2021,2021-09-05,"St Lawrence Ground, Canterbury",3,15.4,15.4,Worcestershire,Kent,TC Fell,JA Haynes,NN Gilchrist,0,0,,,,,,,,,,,,,
1271397,2021,2021-09-05,"St Lawrence Ground, Canterbury",3,15.5,15.5,Worcestershire,Kent,TC Fell,JA Haynes,NN Gilchrist,0,0,,,,,,,,,,,,,
1271397,2021,2021-09-05,"St Lawrence Ground, Canterbury",3,15.6,15.6,Worcestershire,Kent,TC Fell,JA Haynes,NN Gilchrist,0,0,,,,,,,,,,,,,
1271397,2021,2021-09-05,"St Lawrence Ground, Canterbury",3,16.1,16.1,Worcestershire,Kent,JA Haynes,TC Fell,G Stewart,0,0,,,,,,,,,,,,,
1271397,2021,2021-09-05,"St Lawrence Ground, Canterbury",3,16.2,16.2,Worcestershire,Kent,JA Haynes,TC Fell,G Stewart,2,0,,,,,,,,,,,,,
1271397,2021,2021-09-05,"St Lawrence Ground, Canterbury",3,16.3,16.3,Worcestershire,Kent,JA Haynes,TC Fell,G Stewart,0,0,,,,,,,,,,,,,
1271397,2021,2021-09-05,"St Lawrence Ground, Canterbury",3,16.4,16.4,Worcestershire,Kent,JA Haynes,TC Fell,G Stewart,0,0,,,,,,,,,,,,,
1271397,2021,2021-09-05,"St Lawrence Ground, Canterbury",3,16.5,16.5,Worcestershire,Kent,JA Haynes,TC Fell,G Stewart,0,0,,,,,,,,,,,,,
1271397,2021,2021-09-05,"St Lawrence Ground, Canterbury",3,16.6,16.6,Worcestershire,Kent,JA Haynes,TC Fell,G Stewart,0,0,,,,,,,,,,,,,
1271397,2021,2021-09-05,"St Lawrence Ground, Canterbury",3,17.1,17.1,Worcestershire,Kent,TC Fell,JA Haynes,NN Gilchrist,0,0,,,,,,,,,,,,,
1271397,2021,2021-09-05,"St Lawrence Ground, Canterbury",3,17.2,17.2,Worcestershire,Kent,TC Fell,JA Haynes,NN Gilchrist,0,0,,,,,,,,,,,,,
1271397,2021,2021-09-05,"St Lawrence Ground, Canterbury",3,17.3,17.3,Worcestershire,Kent,TC Fell,JA Haynes,NN Gilchrist,1,0,,,,,,,,,,,,,
1271397,2021,2021-09-05,"St Lawrence Ground, Canterbury",3,17.4,17.4,Worcestershire,Kent,JA Haynes,TC Fell,NN Gilchrist,0,0,,,,,,,,,,,,,
1271397,2021,2021-09-05,"St Lawrence Ground, Canterbury",3,17.5,17.5,Worcestershire,Kent,JA Haynes,TC Fell,NN Gilchrist,1,0,,,,,,,,,,,,,
1271397,2021,2021-09-05,"St Lawrence Ground, Canterbury",3,17.6,17.6,Worcestershire,Kent,TC Fell,JA Haynes,NN Gilchrist,0,0,,,,,,,,,,,,,
1271397,2021,2021-09-05,"St Lawrence Ground, Canterbury",3,18.1,18.1,Worcestershire,Kent,JA Haynes,TC Fell,G Stewart,0,0,,,,,,,,,,,,,
1271397,2021,2021-09-05,"St Lawrence Ground, Canterbury",3,18.2,18.2,Worcestershire,Kent,JA Haynes,TC Fell,G Stewart,0,0,,,,,,,,,,,,,
1271397,2021,2021-09-05,"St Lawrence Ground, Canterbury",3,18.3,18.3,Worcestershire,Kent,JA Haynes,TC Fell,G Stewart,0,0,,,,,,,,,,,,,
1271397,2021,2021-09-05,"St Lawrence Ground, Canterbury",3,18.4,18.4,Worcestershire,Kent,JA Haynes,TC Fell,G Stewart,0,0,,,,,,,,,,,,,
1271397,2021,2021-09-05,"St Lawrence Ground, Canterbury",3,18.5,18.5,Worcestershire,Kent,JA Haynes,TC Fell,G Stewart,0,0,,,,,,,,,,,,,
1271397,2021,2021-09-05,"St Lawrence Ground, Canterbury",3,18.6,18.6,Worcestershire,Kent,JA Haynes,TC Fell,G Stewart,0,0,,,,,,,,,,,,,
1271397,2021,2021-09-05,"St Lawrence Ground, Canterbury",3,19.1,19.1,Worcestershire,Kent,TC Fell,JA Haynes,NN Gilchrist,0,0,,,,,,,,,,,,,
1271397,2021,2021-09-05,"St Lawrence Ground, Canterbury",3,19.2,19.2,Worcestershire,Kent,TC Fell,JA Haynes,NN Gilchrist,0,0,,,,,,,,,,,,,
1271397,2021,2021-09-05,"St Lawrence Ground, Canterbury",3,19.3,19.3,Worcestershire,Kent,TC Fell,JA Haynes,NN Gilchrist,0,0,,,,,,,,,,,,,
1271397,2021,2021-09-05,"St Lawrence Ground, Canterbury",3,19.4,19.4,Worcestershire,Kent,TC Fell,JA Haynes,NN Gilchrist,0,0,,,,,,,lbw,TC Fell,,,,,
1271397,2021,2021-09-05,"St Lawrence Ground, Canterbury",3,19.5,19.5,Worcestershire,Kent,BL D'Oliveira,JA Haynes,NN Gilchrist,0,0,,,,,,,caught,BL D'Oliveira,,,OG Robinson,,
1271397,2021,2021-09-05,"St Lawrence Ground, Canterbury",3,19.6,19.6,Worcestershire,Kent,EG Barnard,JA Haynes,NN Gilchrist,0,0,,,,,,,,,,,,,
1271397,2021,2021-09-05,"St Lawrence Ground, Canterbury",3,20.1,20.1,Worcestershire,Kent,JA Haynes,EG Barnard,G Stewart,3,0,,,,,,,,,,,,,
1271397,2021,2021-09-05,"St Lawrence Ground, Canterbury",3,20.2,20.2,Worcestershire,Kent,EG Barnard,JA Haynes,G Stewart,0,0,,,,,,,,,,,,,
1271397,2021,2021-09-05,"St Lawrence Ground, Canterbury",3,20.3,20.3,Worcestershire,Kent,EG Barnard,JA Haynes,G Stewart,0,0,,,,,,,,,,,,,
1271397,2021,2021-09-05,"St Lawrence Ground, Canterbury",3,20.4,20.4,Worcestershire,Kent,EG Barnard,JA Haynes,G Stewart,0,0,,,,,,,,,,,,,
1271397,2021,2021-09-05,"St Lawrence Ground, Canterbury",3,20.5,20.5,Worcestershire,Kent,EG Barnard,JA Haynes,G Stewart,0,0,,,,,,,,,,,,,
1271397,2021,2021-09-05,"St Lawrence Ground, Canterbury",3,20.6,20.6,Worcestershire,Kent,EG Barnard,JA Haynes,G Stewart,2,0,,,,,,,,,,,,,
1271397,2021,2021-09-05,"St Lawrence Ground, Canterbury",3,21.1,21.1,Worcestershire,Kent,JA Haynes,EG Barnard,NN Gilchrist,0,0,,,,,,,,,,,,,
1271397,2021,2021-09-05,"St Lawrence Ground, Canterbury",3,21.2,21.2,Worcestershire,Kent,JA Haynes,EG Barnard,NN Gilchrist,2,0,,,,,,,,,,,,,
1271397,2021,2021-09-05,"St Lawrence Ground, Canterbury",3,21.3,21.3,Worcestershire,Kent,JA Haynes,EG Barnard,NN Gilchrist,0,0,,,,,,,,,,,,,
1271397,2021,2021-09-05,"St Lawrence Ground, Canterbury",3,21.4,21.4,Worcestershire,Kent,JA Haynes,EG Barnard,NN Gilchrist,0,0,,,,,,,,,,,,,
1271397,2021,2021-09-05,"St Lawrence Ground, Canterbury",3,21.5,21.5,Worcestershire,Kent,JA Haynes,EG Barnard,NN Gilchrist,4,0,,,,,,,,,,,,,
1271397,2021,2021-09-05,"St Lawrence Ground, Canterbury",3,21.6,21.6,Worcestershire,Kent,JA Haynes,EG Barnard,NN Gilchrist,0,0,,,,,,,,,,,,,
1271397,2021,2021-09-05,"St Lawrence Ground, Canterbury",3,22.1,22.1,Worcestershire,Kent,EG Barnard,JA Haynes,DI Stevens,0,0,,,,,,,,,,,,,
1271397,2021,2021-09-05,"St Lawrence Ground, Canterbury",3,22.2,22.2,Worcestershire,Kent,EG Barnard,JA Haynes,DI Stevens,0,0,,,,,,,,,,,,,
1271397,2021,2021-09-05,"St Lawrence Ground, Canterbury",3,22.3,22.3,Worcestershire,Kent,EG Barnard,JA Haynes,DI Stevens,0,0,,,,,,,,,,,,,
1271397,2021,2021-09-05,"St Lawrence Ground, Canterbury",3,22.4,22.4,Worcestershire,Kent,EG Barnard,JA Haynes,DI Stevens,0,0,,,,,,,,,,,,,
1271397,2021,2021-09-05,"St Lawrence Ground, Canterbury",3,22.5,22.5,Worcestershire,Kent,EG Barnard,JA Haynes,DI Stevens,0,0,,,,,,,,,,,,,
1271397,2021,2021-09-05,"St Lawrence Ground, Canterbury",3,22.6,22.6,Worcestershire,Kent,EG Barnard,JA Haynes,DI Stevens,0,0,,,,,,,,,,,,,
1271397,2021,2021-09-05,"St Lawrence Ground, Canterbury",3,23.1,23.1,Worcestershire,Kent,JA Haynes,EG Barnard,ME Milnes,4,0,,,,,,,,,,,,,
1271397,2021,2021-09-05,"St Lawrence Ground, Canterbury",3,23.2,23.2,Worcestershire,Kent,JA Haynes,EG Barnard,ME Milnes,0,0,,,,,,,,,,,,,
1271397,2021,2021-09-05,"St Lawrence Ground, Canterbury",3,23.3,23.3,Worcestershire,Kent,JA Haynes,EG Barnard,ME Milnes,0,0,,,,,,,,,,,,,
1271397,2021,2021-09-05,"St Lawrence Ground, Canterbury",3,23.4,23.4,Worcestershire,Kent,JA Haynes,EG Barnard,ME Milnes,0,0,,,,,,,,,,,,,
1271397,2021,2021-09-05,"St Lawrence Ground, Canterbury",3,23.5,23.5,Worcestershire,Kent,JA Haynes,EG Barnard,ME Milnes,4,0,,,,,,,,,,,,,
1271397,2021,2021-09-05,"St Lawrence Ground, Canterbury",3,23.6,23.6,Worcestershire,Kent,JA Haynes,EG Barnard,ME Milnes,0,0,,,,,,,,,,,,,
1271397,2021,2021-09-05,"St Lawrence Ground, Canterbury",3,24.1,24.1,Worcestershire,Kent,EG Barnard,JA Haynes,DI Stevens,1,0,,,,,,,,,,,,,
1271397,2021,2021-09-05,"St Lawrence Ground, Canterbury",3,24.2,24.2,Worcestershire,Kent,JA Haynes,EG Barnard,DI Stevens,2,0,,,,,,,,,,,,,
1271397,2021,2021-09-05,"St Lawrence Ground, Canterbury",3,24.3,24.3,Worcestershire,Kent,JA Haynes,EG Barnard,DI Stevens,0,0,,,,,,,,,,,,,
1271397,2021,2021-09-05,"St Lawrence Ground, Canterbury",3,24.4,24.4,Worcestershire,Kent,JA Haynes,EG Barnard,DI Stevens,0,0,,,,,,,,,,,,,
1271397,2021,2021-09-05,"St Lawrence Ground, Canterbury",3,24.5,24.5,Worcestershire,Kent,JA Haynes,EG Barnard,DI Stevens,0,0,,,,,,,,,,,,,
1271397,2021,2021-09-05,"St Lawrence Ground, Canterbury",3,24.6,24.6,Worcestershire,Kent,JA Haynes,EG Barnard,DI Stevens,1,0,,,,,,,,,,,,,
1271397,2021,2021-09-05,"St Lawrence Ground, Canterbury",3,25.1,25.1,Worcestershire,Kent,JA Haynes,EG Barnard,ME Milnes,0,0,,,,,,,,,,,,,
1271397,2021,2021-09-05,"St Lawrence Ground, Canterbury",3,25.2,25.2,Worcestershire,Kent,JA Haynes,EG Barnard,ME Milnes,0,0,,,,,,,,,,,,,
1271397,2021,2021-09-05,"St Lawrence Ground, Canterbury",3,25.3,25.3,Worcestershire,Kent,JA Haynes,EG Barnard,ME Milnes,2,0,,,,,,,,,,,,,
1271397,2021,2021-09-05,"St Lawrence Ground, Canterbury",3,25.4,25.4,Worcestershire,Kent,JA Haynes,EG Barnard,ME Milnes,0,0,,,,,,,,,,,,,
1271397,2021,2021-09-05,"St Lawrence Ground, Canterbury",3,25.5,25.5,Worcestershire,Kent,JA Haynes,EG Barnard,ME Milnes,1,0,,,,,,,,,,,,,
1271397,2021,2021-09-05,"St Lawrence Ground, Canterbury",3,25.6,25.6,Worcestershire,Kent,EG Barnard,JA Haynes,ME Milnes,0,0,,,,,,,,,,,,,
1271397,2021,2021-09-05,"St Lawrence Ground, Canterbury",3,26.1,26.1,Worcestershire,Kent,JA Haynes,EG Barnard,DI Stevens,0,0,,,,,,,,,,,,,
1271397,2021,2021-09-05,"St Lawrence Ground, Canterbury",3,26.2,26.2,Worcestershire,Kent,JA Haynes,EG Barnard,DI Stevens,0,0,,,,,,,,,,,,,
1271397,2021,2021-09-05,"St Lawrence Ground, Canterbury",3,26.3,26.3,Worcestershire,Kent,JA Haynes,EG Barnard,DI Stevens,0,0,,,,,,,,,,,,,
1271397,2021,2021-09-05,"St Lawrence Ground, Canterbury",3,26.4,26.4,Worcestershire,Kent,JA Haynes,EG Barnard,DI Stevens,0,0,,,,,,,,,,,,,
1271397,2021,2021-09-05,"St Lawrence Ground, Canterbury",3,26.5,26.5,Worcestershire,Kent,JA Haynes,EG Barnard,DI Stevens,0,0,,,,,,,,,,,,,
1271397,2021,2021-09-05,"St Lawrence Ground, Canterbury",3,26.6,26.6,Worcestershire,Kent,JA Haynes,EG Barnard,DI Stevens,0,0,,,,,,,,,,,,,
1271397,2021,2021-09-05,"St Lawrence Ground, Canterbury",3,27.1,27.1,Worcestershire,Kent,EG Barnard,JA Haynes,G Stewart,0,0,,,,,,,,,,,,,
1271397,2021,2021-09-05,"St Lawrence Ground, Canterbury",3,27.2,27.2,Worcestershire,Kent,EG Barnard,JA Haynes,G Stewart,0,0,,,,,,,,,,,,,
1271397,2021,2021-09-05,"St Lawrence Ground, Canterbury",3,27.3,27.3,Worcestershire,Kent,EG Barnard,JA Haynes,G Stewart,0,0,,,,,,,,,,,,,
1271397,2021,2021-09-05,"St Lawrence Ground, Canterbury",3,27.4,27.4,Worcestershire,Kent,EG Barnard,JA Haynes,G Stewart,1,0,,,,,,,,,,,,,
1271397,2021,2021-09-05,"St Lawrence Ground, Canterbury",3,27.5,27.5,Worcestershire,Kent,JA Haynes,EG Barnard,G Stewart,0,0,,,,,,,,,,,,,
1271397,2021,2021-09-05,"St Lawrence Ground, Canterbury",3,27.6,27.6,Worcestershire,Kent,JA Haynes,EG Barnard,G Stewart,0,0,,,,,,,,,,,,,
1271397,2021,2021-09-05,"St Lawrence Ground, Canterbury",3,28.1,28.1,Worcestershire,Kent,EG Barnard,JA Haynes,DI Stevens,2,0,,,,,,,,,,,,,
1271397,2021,2021-09-05,"St Lawrence Ground, Canterbury",3,28.2,28.2,Worcestershire,Kent,EG Barnard,JA Haynes,DI Stevens,0,0,,,,,,,,,,,,,
1271397,2021,2021-09-05,"St Lawrence Ground, Canterbury",3,28.3,28.3,Worcestershire,Kent,EG Barnard,JA Haynes,DI Stevens,0,0,,,,,,,,,,,,,
1271397,2021,2021-09-05,"St Lawrence Ground, Canterbury",3,28.4,28.4,Worcestershire,Kent,EG Barnard,JA Haynes,DI Stevens,0,0,,,,,,,,,,,,,
1271397,2021,2021-09-05,"St Lawrence Ground, Canterbury",3,28.5,28.5,Worcestershire,Kent,EG Barnard,JA Haynes,DI Stevens,0,0,,,,,,,,,,,,,
1271397,2021,2021-09-05,"St Lawrence Ground, Canterbury",3,28.6,28.6,Worcestershire,Kent,EG Barnard,JA Haynes,DI Stevens,0,0,,,,,,,,,,,,,
1271397,2021,2021-09-05,"St Lawrence Ground, Canterbury",3,29.1,29.1,Worcestershire,Kent,JA Haynes,EG Barnard,G Stewart,0,0,,,,,,,,,,,,,
1271397,2021,2021-09-05,"St Lawrence Ground, Canterbury",3,29.2,29.2,Worcestershire,Kent,JA Haynes,EG Barnard,G Stewart,0,0,,,,,,,,,,,,,
1271397,2021,2021-09-05,"St Lawrence Ground, Canterbury",3,29.3,29.3,Worcestershire,Kent,JA Haynes,EG Barnard,G Stewart,0,0,,,,,,,,,,,,,
1271397,2021,2021-09-05,"St Lawrence Ground, Canterbury",3,29.4,29.4,Worcestershire,Kent,JA Haynes,EG Barnard,G Stewart,0,0,,,,,,,,,,,,,
1271397,2021,2021-09-05,"St Lawrence Ground, Canterbury",3,29.5,29.5,Worcestershire,Kent,JA Haynes,EG Barnard,G Stewart,0,0,,,,,,,,,,,,,
1271397,2021,2021-09-05,"St Lawrence Ground, Canterbury",3,29.6,29.6,Worcestershire,Kent,JA Haynes,EG Barnard,G Stewart,0,0,,,,,,,,,,,,,
1271397,2021,2021-09-05,"St Lawrence Ground, Canterbury",3,30.1,30.1,Worcestershire,Kent,EG Barnard,JA Haynes,DI Stevens,3,0,,,,,,,,,,,,,
1271397,2021,2021-09-05,"St Lawrence Ground, Canterbury",3,30.2,30.2,Worcestershire,Kent,JA Haynes,EG Barnard,DI Stevens,0,0,,,,,,,lbw,JA Haynes,,,,,
1271397,2021,2021-09-05,"St Lawrence Ground, Canterbury",3,30.3,30.3,Worcestershire,Kent,AW Finch,EG Barnard,DI Stevens,1,0,,,,,,,,,,,,,
1271397,2021,2021-09-05,"St Lawrence Ground, Canterbury",3,30.4,30.4,Worcestershire,Kent,EG Barnard,AW Finch,DI Stevens,0,0,,,,,,,,,,,,,
1271397,2021,2021-09-05,"St Lawrence Ground, Canterbury",3,30.5,30.5,Worcestershire,Kent,EG Barnard,AW Finch,DI Stevens,0,0,,,,,,,,,,,,,
1271397,2021,2021-09-05,"St Lawrence Ground, Canterbury",3,30.6,30.6,Worcestershire,Kent,EG Barnard,AW Finch,DI Stevens,0,0,,,,,,,,,,,,,
1271397,2021,2021-09-05,"St Lawrence Ground, Canterbury",3,31.1,31.1,Worcestershire,Kent,AW Finch,EG Barnard,G Stewart,0,0,,,,,,,,,,,,,
1271397,2021,2021-09-05,"St Lawrence Ground, Canterbury",3,31.2,31.2,Worcestershire,Kent,AW Finch,EG Barnard,G Stewart,0,0,,,,,,,,,,,,,
1271397,2021,2021-09-05,"St Lawrence Ground, Canterbury",3,31.3,31.3,Worcestershire,Kent,AW Finch,EG Barnard,G Stewart,0,0,,,,,,,,,,,,,
1271397,2021,2021-09-05,"St Lawrence Ground, Canterbury",3,31.4,31.4,Worcestershire,Kent,AW Finch,EG Barnard,G Stewart,0,0,,,,,,,,,,,,,
1271397,2021,2021-09-05,"St Lawrence Ground, Canterbury",3,31.5,31.5,Worcestershire,Kent,AW Finch,EG Barnard,G Stewart,0,0,,,,,,,,,,,,,
1271397,2021,2021-09-05,"St Lawrence Ground, Canterbury",3,31.6,31.6,Worcestershire,Kent,AW Finch,EG Barnard,G Stewart,0,0,,,,,,,,,,,,,
1271397,2021,2021-09-05,"St Lawrence Ground, Canterbury",3,32.1,32.1,Worcestershire,Kent,EG Barnard,AW Finch,DI Stevens,0,0,,,,,,,,,,,,,
1271397,2021,2021-09-05,"St Lawrence Ground, Canterbury",3,32.2,32.2,Worcestershire,Kent,EG Barnard,AW Finch,DI Stevens,0,0,,,,,,,,,,,,,
1271397,2021,2021-09-05,"St Lawrence Ground, Canterbury",3,32.3,32.3,Worcestershire,Kent,EG Barnard,AW Finch,DI Stevens,0,0,,,,,,,,,,,,,
1271397,2021,2021-09-05,"St Lawrence Ground, Canterbury",3,32.4,32.4,Worcestershire,Kent,EG Barnard,AW Finch,DI Stevens,0,0,,,,,,,,,,,,,
1271397,2021,2021-09-05,"St Lawrence Ground, Canterbury",3,32.5,32.5,Worcestershire,Kent,EG Barnard,AW Finch,DI Stevens,0,0,,,,,,,,,,,,,
1271397,2021,2021-09-05,"St Lawrence Ground, Canterbury",3,32.6,32.6,Worcestershire,Kent,EG Barnard,AW Finch,DI Stevens,0,0,,,,,,,,,,,,,
1271397,2021,2021-09-05,"St Lawrence Ground, Canterbury",3,33.1,33.1,Worcestershire,Kent,AW Finch,EG Barnard,G Stewart,0,0,,,,,,,,,,,,,
1271397,2021,2021-09-05,"St Lawrence Ground, Canterbury",3,33.2,33.2,Worcestershire,Kent,AW Finch,EG Barnard,G Stewart,0,0,,,,,,,,,,,,,
1271397,2021,2021-09-05,"St Lawrence Ground, Canterbury",3,33.3,33.3,Worcestershire,Kent,AW Finch,EG Barnard,G Stewart,0,0,,,,,,,,,,,,,
1271397,2021,2021-09-05,"St Lawrence Ground, Canterbury",3,33.4,33.4,Worcestershire,Kent,AW Finch,EG Barnard,G Stewart,0,0,,,,,,,caught,AW Finch,,,OG Robinson,,
1271397,2021,2021-09-05,"St Lawrence Ground, Canterbury",3,33.5,33.5,Worcestershire,Kent,OB Cox,EG Barnard,G Stewart,2,0,,,,,,,,,,,,,
1271397,2021,2021-09-05,"St Lawrence Ground, Canterbury",3,33.6,33.6,Worcestershire,Kent,OB Cox,EG Barnard,G Stewart,0,0,,,,,,,,,,,,,
1271397,2021,2021-09-05,"St Lawrence Ground, Canterbury",3,34.1,34.1,Worcestershire,Kent,EG Barnard,OB Cox,DI Stevens,0,0,,,,,,,,,,,,,
1271397,2021,2021-09-05,"St Lawrence Ground, Canterbury",3,34.2,34.2,Worcestershire,Kent,EG Barnard,OB Cox,DI Stevens,0,0,,,,,,,,,,,,,
1271397,2021,2021-09-05,"St Lawrence Ground, Canterbury",3,34.3,34.3,Worcestershire,Kent,EG Barnard,OB Cox,DI Stevens,0,0,,,,,,,,,,,,,
1271397,2021,2021-09-05,"St Lawrence Ground, Canterbury",3,34.4,34.4,Worcestershire,Kent,EG Barnard,OB Cox,DI Stevens,0,0,,,,,,,,,,,,,
1271397,2021,2021-09-05,"St Lawrence Ground, Canterbury",3,34.5,34.5,Worcestershire,Kent,EG Barnard,OB Cox,DI Stevens,0,0,,,,,,,,,,,,,
1271397,2021,2021-09-05,"St Lawrence Ground, Canterbury",3,34.6,34.6,Worcestershire,Kent,EG Barnard,OB Cox,DI Stevens,1,0,,,,,,,,,,,,,
1271397,2021,2021-09-05,"St Lawrence Ground, Canterbury",3,35.1,35.1,Worcestershire,Kent,EG Barnard,OB Cox,NN Gilchrist,2,0,,,,,,,,,,,,,
1271397,2021,2021-09-05,"St Lawrence Ground, Canterbury",3,35.2,35.2,Worcestershire,Kent,EG Barnard,OB Cox,NN Gilchrist,0,0,,,,,,,,,,,,,
1271397,2021,2021-09-05,"St Lawrence Ground, Canterbury",3,35.3,35.3,Worcestershire,Kent,EG Barnard,OB Cox,NN Gilchrist,0,0,,,,,,,,,,,,,
1271397,2021,2021-09-05,"St Lawrence Ground, Canterbury",3,35.4,35.4,Worcestershire,Kent,EG Barnard,OB Cox,NN Gilchrist,0,0,,,,,,,,,,,,,
1271397,2021,2021-09-05,"St Lawrence Ground, Canterbury",3,35.5,35.5,Worcestershire,Kent,EG Barnard,OB Cox,NN Gilchrist,1,0,,,,,,,,,,,,,
1271397,2021,2021-09-05,"St Lawrence Ground, Canterbury",3,35.6,35.6,Worcestershire,Kent,OB Cox,EG Barnard,NN Gilchrist,0,0,,,,,,,,,,,,,
1271397,2021,2021-09-05,"St Lawrence Ground, Canterbury",3,36.1,36.1,Worcestershire,Kent,EG Barnard,OB Cox,ME Milnes,4,0,,,,,,,,,,,,,
1271397,2021,2021-09-05,"St Lawrence Ground, Canterbury",3,36.2,36.2,Worcestershire,Kent,EG Barnard,OB Cox,ME Milnes,0,0,,,,,,,,,,,,,
1271397,2021,2021-09-05,"St Lawrence Ground, Canterbury",3,36.3,36.3,Worcestershire,Kent,EG Barnard,OB Cox,ME Milnes,0,0,,,,,,,,,,,,,
1271397,2021,2021-09-05,"St Lawrence Ground, Canterbury",3,36.4,36.4,Worcestershire,Kent,EG Barnard,OB Cox,ME Milnes,1,0,,,,,,,,,,,,,
1271397,2021,2021-09-05,"St Lawrence Ground, Canterbury",3,36.5,36.5,Worcestershire,Kent,OB Cox,EG Barnard,ME Milnes,0,0,,,,,,,,,,,,,
1271397,2021,2021-09-05,"St Lawrence Ground, Canterbury",3,36.6,36.6,Worcestershire,Kent,OB Cox,EG Barnard,ME Milnes,0,0,,,,,,,,,,,,,
1271397,2021,2021-09-05,"St Lawrence Ground, Canterbury",3,37.1,37.1,Worcestershire,Kent,EG Barnard,OB Cox,NN Gilchrist,0,0,,,,,,,,,,,,,
1271397,2021,2021-09-05,"St Lawrence Ground, Canterbury",3,37.2,37.2,Worcestershire,Kent,EG Barnard,OB Cox,NN Gilchrist,0,0,,,,,,,,,,,,,
1271397,2021,2021-09-05,"St Lawrence Ground, Canterbury",3,37.3,37.3,Worcestershire,Kent,EG Barnard,OB Cox,NN Gilchrist,0,0,,,,,,,,,,,,,
1271397,2021,2021-09-05,"St Lawrence Ground, Canterbury",3,37.4,37.4,Worcestershire,Kent,EG Barnard,OB Cox,NN Gilchrist,0,0,,,,,,,,,,,,,
1271397,2021,2021-09-05,"St Lawrence Ground, Canterbury",3,37.5,37.5,Worcestershire,Kent,EG Barnard,OB Cox,NN Gilchrist,1,0,,,,,,,,,,,,,
1271397,2021,2021-09-05,"St Lawrence Ground, Canterbury",3,37.6,37.6,Worcestershire,Kent,OB Cox,EG Barnard,NN Gilchrist,0,0,,,,,,,,,,,,,
1271397,2021,2021-09-05,"St Lawrence Ground, Canterbury",3,38.1,38.1,Worcestershire,Kent,EG Barnard,OB Cox,ME Milnes,0,1,,,,1,,,,,,,,,
1271397,2021,2021-09-05,"St Lawrence Ground, Canterbury",3,38.2,38.2,Worcestershire,Kent,OB Cox,EG Barnard,ME Milnes,0,0,,,,,,,,,,,,,
1271397,2021,2021-09-05,"St Lawrence Ground, Canterbury",3,38.3,38.3,Worcestershire,Kent,OB Cox,EG Barnard,ME Milnes,0,0,,,,,,,lbw,OB Cox,,,,,
1271397,2021,2021-09-05,"St Lawrence Ground, Canterbury",3,38.4,38.4,Worcestershire,Kent,J Leach,EG Barnard,ME Milnes,0,0,,,,,,,,,,,,,
1271397,2021,2021-09-05,"St Lawrence Ground, Canterbury",3,38.5,38.5,Worcestershire,Kent,J Leach,EG Barnard,ME Milnes,0,0,,,,,,,,,,,,,
1271397,2021,2021-09-05,"St Lawrence Ground, Canterbury",3,38.6,38.6,Worcestershire,Kent,J Leach,EG Barnard,ME Milnes,0,0,,,,,,,,,,,,,
1271397,2021,2021-09-05,"St Lawrence Ground, Canterbury",3,39.1,39.1,Worcestershire,Kent,EG Barnard,J Leach,NN Gilchrist,0,0,,,,,,,,,,,,,
1271397,2021,2021-09-05,"St Lawrence Ground, Canterbury",3,39.2,39.2,Worcestershire,Kent,EG Barnard,J Leach,NN Gilchrist,1,0,,,,,,,,,,,,,
1271397,2021,2021-09-05,"St Lawrence Ground, Canterbury",3,39.3,39.3,Worcestershire,Kent,J Leach,EG Barnard,NN Gilchrist,0,0,,,,,,,,,,,,,
1271397,2021,2021-09-05,"St Lawrence Ground, Canterbury",3,39.4,39.4,Worcestershire,Kent,J Leach,EG Barnard,NN Gilchrist,3,0,,,,,,,,,,,,,
1271397,2021,2021-09-05,"St Lawrence Ground, Canterbury",3,39.5,39.5,Worcestershire,Kent,EG Barnard,J Leach,NN Gilchrist,0,0,,,,,,,,,,,,,
1271397,2021,2021-09-05,"St Lawrence Ground, Canterbury",3,39.6,39.6,Worcestershire,Kent,EG Barnard,J Leach,NN Gilchrist,0,0,,,,,,,,,,,,,
1271397,2021,2021-09-05,"St Lawrence Ground, Canterbury",3,40.1,40.1,Worcestershire,Kent,J Leach,EG Barnard,ME Milnes,0,0,,,,,,,,,,,,,
1271397,2021,2021-09-05,"St Lawrence Ground, Canterbury",3,40.2,40.2,Worcestershire,Kent,J Leach,EG Barnard,ME Milnes,0,0,,,,,,,,,,,,,
1271397,2021,2021-09-05,"St Lawrence Ground, Canterbury",3,40.3,40.3,Worcestershire,Kent,J Leach,EG Barnard,ME Milnes,4,0,,,,,,,,,,,,,
1271397,2021,2021-09-05,"St Lawrence Ground, Canterbury",3,40.4,40.4,Worcestershire,Kent,J Leach,EG Barnard,ME Milnes,2,0,,,,,,,,,,,,,
1271397,2021,2021-09-05,"St Lawrence Ground, Canterbury",3,40.5,40.5,Worcestershire,Kent,J Leach,EG Barnard,ME Milnes,4,0,,,,,,,,,,,,,
1271397,2021,2021-09-05,"St Lawrence Ground, Canterbury",3,40.6,40.6,Worcestershire,Kent,J Leach,EG Barnard,ME Milnes,0,0,,,,,,,,,,,,,
1271397,2021,2021-09-05,"St Lawrence Ground, Canterbury",3,41.1,41.1,Worcestershire,Kent,EG Barnard,J Leach,NN Gilchrist,0,0,,,,,,,,,,,,,
1271397,2021,2021-09-05,"St Lawrence Ground, Canterbury",3,41.2,41.2,Worcestershire,Kent,EG Barnard,J Leach,NN Gilchrist,0,0,,,,,,,,,,,,,
1271397,2021,2021-09-05,"St Lawrence Ground, Canterbury",3,41.3,41.3,Worcestershire,Kent,EG Barnard,J Leach,NN Gilchrist,0,0,,,,,,,,,,,,,
1271397,2021,2021-09-05,"St Lawrence Ground, Canterbury",3,41.4,41.4,Worcestershire,Kent,EG Barnard,J Leach,NN Gilchrist,4,0,,,,,,,,,,,,,
1271397,2021,2021-09-05,"St Lawrence Ground, Canterbury",3,41.5,41.5,Worcestershire,Kent,EG Barnard,J Leach,NN Gilchrist,0,0,,,,,,,,,,,,,
1271397,2021,2021-09-05,"St Lawrence Ground, Canterbury",3,41.6,41.6,Worcestershire,Kent,EG Barnard,J Leach,NN Gilchrist,0,0,,,,,,,,,,,,,
1271397,2021,2021-09-05,"St Lawrence Ground, Canterbury",3,42.1,42.1,Worcestershire,Kent,J Leach,EG Barnard,ME Milnes,4,0,,,,,,,,,,,,,
1271397,2021,2021-09-05,"St Lawrence Ground, Canterbury",3,42.2,42.2,Worcestershire,Kent,J Leach,EG Barnard,ME Milnes,1,0,,,,,,,,,,,,,
1271397,2021,2021-09-05,"St Lawrence Ground, Canterbury",3,42.3,42.3,Worcestershire,Kent,EG Barnard,J Leach,ME Milnes,0,0,,,,,,,,,,,,,
1271397,2021,2021-09-05,"St Lawrence Ground, Canterbury",3,42.4,42.4,Worcestershire,Kent,EG Barnard,J Leach,ME Milnes,0,0,,,,,,,,,,,,,
1271397,2021,2021-09-05,"St Lawrence Ground, Canterbury",3,42.5,42.5,Worcestershire,Kent,EG Barnard,J Leach,ME Milnes,0,0,,,,,,,,,,,,,
1271397,2021,2021-09-05,"St Lawrence Ground, Canterbury",3,42.6,42.6,Worcestershire,Kent,EG Barnard,J Leach,ME Milnes,0,0,,,,,,,,,,,,,
1271397,2021,2021-09-05,"St Lawrence Ground, Canterbury",3,43.1,43.1,Worcestershire,Kent,J Leach,EG Barnard,NN Gilchrist,1,0,,,,,,,,,,,,,
1271397,2021,2021-09-05,"St Lawrence Ground, Canterbury",3,43.2,43.2,Worcestershire,Kent,EG Barnard,J Leach,NN Gilchrist,4,0,,,,,,,,,,,,,
1271397,2021,2021-09-05,"St Lawrence Ground, Canterbury",3,43.3,43.3,Worcestershire,Kent,EG Barnard,J Leach,NN Gilchrist,0,0,,,,,,,,,,,,,
1271397,2021,2021-09-05,"St Lawrence Ground, Canterbury",3,43.4,43.4,Worcestershire,Kent,EG Barnard,J Leach,NN Gilchrist,0,0,,,,,,,,,,,,,
1271397,2021,2021-09-05,"St Lawrence Ground, Canterbury",3,43.5,43.5,Worcestershire,Kent,EG Barnard,J Leach,NN Gilchrist,0,0,,,,,,,,,,,,,
1271397,2021,2021-09-05,"St Lawrence Ground, Canterbury",3,43.6,43.6,Worcestershire,Kent,EG Barnard,J Leach,NN Gilchrist,0,0,,,,,,,,,,,,,
1271397,2021,2021-09-05,"St Lawrence Ground, Canterbury",3,44.1,44.1,Worcestershire,Kent,J Leach,EG Barnard,DI Stevens,0,0,,,,,,,,,,,,,
1271397,2021,2021-09-05,"St Lawrence Ground, Canterbury",3,44.2,44.2,Worcestershire,Kent,J Leach,EG Barnard,DI Stevens,0,0,,,,,,,,,,,,,
1271397,2021,2021-09-05,"St Lawrence Ground, Canterbury",3,44.3,44.3,Worcestershire,Kent,J Leach,EG Barnard,DI Stevens,4,0,,,,,,,,,,,,,
1271397,2021,2021-09-05,"St Lawrence Ground, Canterbury",3,44.4,44.4,Worcestershire,Kent,J Leach,EG Barnard,DI Stevens,0,0,,,,,,,,,,,,,
1271397,2021,2021-09-05,"St Lawrence Ground, Canterbury",3,44.5,44.5,Worcestershire,Kent,J Leach,EG Barnard,DI Stevens,0,0,,,,,,,,,,,,,
1271397,2021,2021-09-05,"St Lawrence Ground, Canterbury",3,44.6,44.6,Worcestershire,Kent,J Leach,EG Barnard,DI Stevens,0,0,,,,,,,,,,,,,
1271397,2021,2021-09-05,"St Lawrence Ground, Canterbury",3,45.1,45.1,Worcestershire,Kent,EG Barnard,J Leach,NN Gilchrist,0,0,,,,,,,,,,,,,
1271397,2021,2021-09-05,"St Lawrence Ground, Canterbury",3,45.2,45.2,Worcestershire,Kent,EG Barnard,J Leach,NN Gilchrist,1,0,,,,,,,,,,,,,
1271397,2021,2021-09-05,"St Lawrence Ground, Canterbury",3,45.3,45.3,Worcestershire,Kent,J Leach,EG Barnard,NN Gilchrist,0,0,,,,,,,,,,,,,
1271397,2021,2021-09-05,"St Lawrence Ground, Canterbury",3,45.4,45.4,Worcestershire,Kent,J Leach,EG Barnard,NN Gilchrist,0,0,,,,,,,,,,,,,
1271397,2021,2021-09-05,"St Lawrence Ground, Canterbury",3,45.5,45.5,Worcestershire,Kent,J Leach,EG Barnard,NN Gilchrist,4,0,,,,,,,,,,,,,
1271397,2021,2021-09-05,"St Lawrence Ground, Canterbury",3,45.6,45.6,Worcestershire,Kent,J Leach,EG Barnard,NN Gilchrist,0,0,,,,,,,,,,,,,
1271397,2021,2021-09-05,"St Lawrence Ground, Canterbury",3,46.1,46.1,Worcestershire,Kent,EG Barnard,J Leach,DI Stevens,0,0,,,,,,,,,,,,,
1271397,2021,2021-09-05,"St Lawrence Ground, Canterbury",3,46.2,46.2,Worcestershire,Kent,EG Barnard,J Leach,DI Stevens,0,0,,,,,,,,,,,,,
1271397,2021,2021-09-05,"St Lawrence Ground, Canterbury",3,46.3,46.3,Worcestershire,Kent,EG Barnard,J Leach,DI Stevens,1,0,,,,,,,,,,,,,
1271397,2021,2021-09-05,"St Lawrence Ground, Canterbury",3,46.4,46.4,Worcestershire,Kent,J Leach,EG Barnard,DI Stevens,0,0,,,,,,,,,,,,,
1271397,2021,2021-09-05,"St Lawrence Ground, Canterbury",3,46.5,46.5,Worcestershire,Kent,J Leach,EG Barnard,DI Stevens,0,0,,,,,,,,,,,,,
1271397,2021,2021-09-05,"St Lawrence Ground, Canterbury",3,46.6,46.6,Worcestershire,Kent,J Leach,EG Barnard,DI Stevens,0,0,,,,,,,,,,,,,
1271397,2021,2021-09-05,"St Lawrence Ground, Canterbury",3,47.1,47.1,Worcestershire,Kent,EG Barnard,J Leach,G Stewart,0,0,,,,,,,,,,,,,
1271397,2021,2021-09-05,"St Lawrence Ground, Canterbury",3,47.2,47.2,Worcestershire,Kent,EG Barnard,J Leach,G Stewart,4,0,,,,,,,,,,,,,
1271397,2021,2021-09-05,"St Lawrence Ground, Canterbury",3,47.3,47.3,Worcestershire,Kent,EG Barnard,J Leach,G Stewart,2,0,,,,,,,,,,,,,
1271397,2021,2021-09-05,"St Lawrence Ground, Canterbury",3,47.4,47.4,Worcestershire,Kent,EG Barnard,J Leach,G Stewart,0,0,,,,,,,,,,,,,
1271397,2021,2021-09-05,"St Lawrence Ground, Canterbury",3,47.5,47.5,Worcestershire,Kent,EG Barnard,J Leach,G Stewart,0,4,,,4,,,,,,,,,,
1271397,2021,2021-09-05,"St Lawrence Ground, Canterbury",3,47.6,47.6,Worcestershire,Kent,EG Barnard,J Leach,G Stewart,2,0,,,,,,,,,,,,,
1271397,2021,2021-09-05,"St Lawrence Ground, Canterbury",3,48.1,48.1,Worcestershire,Kent,J Leach,EG Barnard,DI Stevens,0,0,,,,,,,,,,,,,
1271397,2021,2021-09-05,"St Lawrence Ground, Canterbury",3,48.2,48.2,Worcestershire,Kent,J Leach,EG Barnard,DI Stevens,0,0,,,,,,,,,,,,,
1271397,2021,2021-09-05,"St Lawrence Ground, Canterbury",3,48.3,48.3,Worcestershire,Kent,J Leach,EG Barnard,DI Stevens,0,0,,,,,,,,,,,,,
1271397,2021,2021-09-05,"St Lawrence Ground, Canterbury",3,48.4,48.4,Worcestershire,Kent,J Leach,EG Barnard,DI Stevens,0,0,,,,,,,,,,,,,
1271397,2021,2021-09-05,"St Lawrence Ground, Canterbury",3,48.5,48.5,Worcestershire,Kent,J Leach,EG Barnard,DI Stevens,0,0,,,,,,,,,,,,,
1271397,2021,2021-09-05,"St Lawrence Ground, Canterbury",3,48.6,48.6,Worcestershire,Kent,J Leach,EG Barnard,DI Stevens,0,0,,,,,,,,,,,,,
1271397,2021,2021-09-05,"St Lawrence Ground, Canterbury",3,49.1,49.1,Worcestershire,Kent,EG Barnard,J Leach,G Stewart,0,0,,,,,,,,,,,,,
1271397,2021,2021-09-05,"St Lawrence Ground, Canterbury",3,49.2,49.2,Worcestershire,Kent,EG Barnard,J Leach,G Stewart,0,0,,,,,,,,,,,,,
1271397,2021,2021-09-05,"St Lawrence Ground, Canterbury",3,49.3,49.3,Worcestershire,Kent,EG Barnard,J Leach,G Stewart,0,0,,,,,,,,,,,,,
1271397,2021,2021-09-05,"St Lawrence Ground, Canterbury",3,49.4,49.4,Worcestershire,Kent,EG Barnard,J Leach,G Stewart,2,0,,,,,,,,,,,,,
1271397,2021,2021-09-05,"St Lawrence Ground, Canterbury",3,49.5,49.5,Worcestershire,Kent,EG Barnard,J Leach,G Stewart,4,0,,,,,,,,,,,,,
1271397,2021,2021-09-05,"St Lawrence Ground, Canterbury",3,49.6,49.6,Worcestershire,Kent,EG Barnard,J Leach,G Stewart,0,0,,,,,,,,,,,,,
1271397,2021,2021-09-05,"St Lawrence Ground, Canterbury",3,50.1,50.1,Worcestershire,Kent,J Leach,EG Barnard,DI Stevens,0,0,,,,,,,,,,,,,
1271397,2021,2021-09-05,"St Lawrence Ground, Canterbury",3,50.2,50.2,Worcestershire,Kent,J Leach,EG Barnard,DI Stevens,0,0,,,,,,,,,,,,,
1271397,2021,2021-09-05,"St Lawrence Ground, Canterbury",3,50.3,50.3,Worcestershire,Kent,J Leach,EG Barnard,DI Stevens,0,0,,,,,,,,,,,,,
1271397,2021,2021-09-05,"St Lawrence Ground, Canterbury",3,50.4,50.4,Worcestershire,Kent,J Leach,EG Barnard,DI Stevens,0,0,,,,,,,,,,,,,
1271397,2021,2021-09-05,"St Lawrence Ground, Canterbury",3,50.5,50.5,Worcestershire,Kent,J Leach,EG Barnard,DI Stevens,0,0,,,,,,,,,,,,,
1271397,2021,2021-09-05,"St Lawrence Ground, Canterbury",3,50.6,50.6,Worcestershire,Kent,J Leach,EG Barnard,DI Stevens,0,0,,,,,,,,,,,,,
1271397,2021,2021-09-05,"St Lawrence Ground, Canterbury",3,51.1,51.1,Worcestershire,Kent,EG Barnard,J Leach,G Stewart,0,0,,,,,,,lbw,EG Barnard,,,,,
1271397,2021,2021-09-05,"St Lawrence Ground, Canterbury",3,51.2,51.2,Worcestershire,Kent,JO Baker,J Leach,G Stewart,0,0,,,,,,,,,,,,,
1271397,2021,2021-09-05,"St Lawrence Ground, Canterbury",3,51.3,51.3,Worcestershire,Kent,JO Baker,J Leach,G Stewart,0,0,,,,,,,,,,,,,
1271397,2021,2021-09-05,"St Lawrence Ground, Canterbury",3,51.4,51.4,Worcestershire,Kent,JO Baker,J Leach,G Stewart,0,0,,,,,,,,,,,,,
1271397,2021,2021-09-05,"St Lawrence Ground, Canterbury",3,51.5,51.5,Worcestershire,Kent,JO Baker,J Leach,G Stewart,0,4,,,,4,,,,,,,,,
1271397,2021,2021-09-05,"St Lawrence Ground, Canterbury",3,51.6,51.6,Worcestershire,Kent,JO Baker,J Leach,G Stewart,1,2,,2,,,,,,,,,,,
1271397,2021,2021-09-05,"St Lawrence Ground, Canterbury",3,51.7,51.6,Worcestershire,Kent,J Leach,JO Baker,G Stewart,4,0,,,,,,,,,,,,,
1271397,2021,2021-09-05,"St Lawrence Ground, Canterbury",3,52.1,52.1,Worcestershire,Kent,JO Baker,J Leach,DI Stevens,0,0,,,,,,,,,,,,,
1271397,2021,2021-09-05,"St Lawrence Ground, Canterbury",3,52.2,52.2,Worcestershire,Kent,JO Baker,J Leach,DI Stevens,0,0,,,,,,,bowled,JO Baker,,,,,
1271397,2021,2021-09-05,"St Lawrence Ground, Canterbury",3,52.3,52.3,Worcestershire,Kent,DY Pennington,J Leach,DI Stevens,0,0,,,,,,,,,,,,,
1271397,2021,2021-09-05,"St Lawrence Ground, Canterbury",3,52.4,52.4,Worcestershire,Kent,DY Pennington,J Leach,DI Stevens,1,0,,,,,,,,,,,,,
1271397,2021,2021-09-05,"St Lawrence Ground, Canterbury",3,52.5,52.5,Worcestershire,Kent,J Leach,DY Pennington,DI Stevens,0,0,,,,,,,,,,,,,
1271397,2021,2021-09-05,"St Lawrence Ground, Canterbury",3,52.6,52.6,Worcestershire,Kent,J Leach,DY Pennington,DI Stevens,0,0,,,,,,,,,,,,,
1271397,2021,2021-09-05,"St Lawrence Ground, Canterbury",3,53.1,53.1,Worcestershire,Kent,DY Pennington,J Leach,G Stewart,0,0,,,,,,,,,,,,,
1271397,2021,2021-09-05,"St Lawrence Ground, Canterbury",3,53.2,53.2,Worcestershire,Kent,DY Pennington,J Leach,G Stewart,0,0,,,,,,,,,,,,,
1271397,2021,2021-09-05,"St Lawrence Ground, Canterbury",3,53.3,53.3,Worcestershire,Kent,DY Pennington,J Leach,G Stewart,0,0,,,,,,,,,,,,,
1271397,2021,2021-09-05,"St Lawrence Ground, Canterbury",3,53.4,53.4,Worcestershire,Kent,DY Pennington,J Leach,G Stewart,0,0,,,,,,,,,,,,,
1271397,2021,2021-09-05,"St Lawrence Ground, Canterbury",3,53.5,53.5,Worcestershire,Kent,DY Pennington,J Leach,G Stewart,0,0,,,,,,,,,,,,,
1271397,2021,2021-09-05,"St Lawrence Ground, Canterbury",3,53.6,53.6,Worcestershire,Kent,DY Pennington,J Leach,G Stewart,2,0,,,,,,,,,,,,,
1271397,2021,2021-09-05,"St Lawrence Ground, Canterbury",3,54.1,54.1,Worcestershire,Kent,J Leach,DY Pennington,DI Stevens,0,0,,,,,,,,,,,,,
1271397,2021,2021-09-05,"St Lawrence Ground, Canterbury",3,54.2,54.2,Worcestershire,Kent,J Leach,DY Pennington,DI Stevens,4,0,,,,,,,,,,,,,
1271397,2021,2021-09-05,"St Lawrence Ground, Canterbury",3,54.3,54.3,Worcestershire,Kent,J Leach,DY Pennington,DI Stevens,0,0,,,,,,,,,,,,,
1271397,2021,2021-09-05,"St Lawrence Ground, Canterbury",3,54.4,54.4,Worcestershire,Kent,J Leach,DY Pennington,DI Stevens,0,0,,,,,,,,,,,,,
1271397,2021,2021-09-05,"St Lawrence Ground, Canterbury",3,54.5,54.5,Worcestershire,Kent,J Leach,DY Pennington,DI Stevens,4,0,,,,,,,,,,,,,
1271397,2021,2021-09-05,"St Lawrence Ground, Canterbury",3,54.6,54.6,Worcestershire,Kent,J Leach,DY Pennington,DI Stevens,4,0,,,,,,,,,,,,,
1271397,2021,2021-09-05,"St Lawrence Ground, Canterbury",3,55.1,55.1,Worcestershire,Kent,DY Pennington,J Leach,G Stewart,0,0,,,,,,,,,,,,,
1271397,2021,2021-09-05,"St Lawrence Ground, Canterbury",3,55.2,55.2,Worcestershire,Kent,DY Pennington,J Leach,G Stewart,0,0,,,,,,,,,,,,,
1271397,2021,2021-09-05,"St Lawrence Ground, Canterbury",3,55.3,55.3,Worcestershire,Kent,DY Pennington,J Leach,G Stewart,0,0,,,,,,,,,,,,,
1271397,2021,2021-09-05,"St Lawrence Ground, Canterbury",3,55.4,55.4,Worcestershire,Kent,DY Pennington,J Leach,G Stewart,0,0,,,,,,,,,,,,,
1271397,2021,2021-09-05,"St Lawrence Ground, Canterbury",3,55.5,55.5,Worcestershire,Kent,DY Pennington,J Leach,G Stewart,1,0,,,,,,,,,,,,,
1271397,2021,2021-09-05,"St Lawrence Ground, Canterbury",3,55.6,55.6,Worcestershire,Kent,J Leach,DY Pennington,G Stewart,4,0,,,,,,,,,,,,,
1271397,2021,2021-09-05,"St Lawrence Ground, Canterbury",3,56.1,56.1,Worcestershire,Kent,DY Pennington,J Leach,DI Stevens,0,0,,,,,,,,,,,,,
1271397,2021,2021-09-05,"St Lawrence Ground, Canterbury",3,56.2,56.2,Worcestershire,Kent,DY Pennington,J Leach,DI Stevens,1,0,,,,,,,,,,,,,
1271397,2021,2021-09-05,"St Lawrence Ground, Canterbury",3,56.3,56.3,Worcestershire,Kent,J Leach,DY Pennington,DI Stevens,1,0,,,,,,,,,,,,,
1271397,2021,2021-09-05,"St Lawrence Ground, Canterbury",3,56.4,56.4,Worcestershire,Kent,DY Pennington,J Leach,DI Stevens,0,0,,,,,,,,,,,,,
1271397,2021,2021-09-05,"St Lawrence Ground, Canterbury",3,56.5,56.5,Worcestershire,Kent,DY Pennington,J Leach,DI Stevens,0,0,,,,,,,,,,,,,
1271397,2021,2021-09-05,"St Lawrence Ground, Canterbury",3,56.6,56.6,Worcestershire,Kent,DY Pennington,J Leach,DI Stevens,1,0,,,,,,,,,,,,,
1271397,2021,2021-09-05,"St Lawrence Ground, Canterbury",3,57.1,57.1,Worcestershire,Kent,DY Pennington,J Leach,G Stewart,0,0,,,,,,,,,,,,,
1271397,2021,2021-09-05,"St Lawrence Ground, Canterbury",3,57.2,57.2,Worcestershire,Kent,DY Pennington,J Leach,G Stewart,4,0,,,,,,,,,,,,,
1271397,2021,2021-09-05,"St Lawrence Ground, Canterbury",3,57.3,57.3,Worcestershire,Kent,DY Pennington,J Leach,G Stewart,0,2,,2,,,,,,,,,,,
1271397,2021,2021-09-05,"St Lawrence Ground, Canterbury",3,57.4,57.3,Worcestershire,Kent,DY Pennington,J Leach,G Stewart,0,0,,,,,,,,,,,,,
1271397,2021,2021-09-05,"St Lawrence Ground, Canterbury",3,57.5,57.4,Worcestershire,Kent,DY Pennington,J Leach,G Stewart,0,0,,,,,,,,,,,,,
1271397,2021,2021-09-05,"St Lawrence Ground, Canterbury",3,57.6,57.5,Worcestershire,Kent,DY Pennington,J Leach,G Stewart,3,0,,,,,,,,,,,,,
1271397,2021,2021-09-05,"St Lawrence Ground, Canterbury",3,57.7,57.6,Worcestershire,Kent,J Leach,DY Pennington,G Stewart,0,0,,,,,,,,,,,,,
1271397,2021,2021-09-05,"St Lawrence Ground, Canterbury",3,58.1,58.1,Worcestershire,Kent,DY Pennington,J Leach,NN Gilchrist,0,0,,,,,,,,,,,,,
1271397,2021,2021-09-05,"St Lawrence Ground, Canterbury",3,58.2,58.2,Worcestershire,Kent,DY Pennington,J Leach,NN Gilchrist,0,0,,,,,,,,,,,,,
1271397,2021,2021-09-05,"St Lawrence Ground, Canterbury",3,58.3,58.3,Worcestershire,Kent,DY Pennington,J Leach,NN Gilchrist,0,0,,,,,,,,,,,,,
1271397,2021,2021-09-05,"St Lawrence Ground, Canterbury",3,58.4,58.4,Worcestershire,Kent,DY Pennington,J Leach,NN Gilchrist,0,0,,,,,,,,,,,,,
1271397,2021,2021-09-05,"St Lawrence Ground, Canterbury",3,58.5,58.5,Worcestershire,Kent,DY Pennington,J Leach,NN Gilchrist,0,0,,,,,,,,,,,,,
1271397,2021,2021-09-05,"St Lawrence Ground, Canterbury",3,58.6,58.6,Worcestershire,Kent,DY Pennington,J Leach,NN Gilchrist,0,0,,,,,,,,,,,,,
1271397,2021,2021-09-05,"St Lawrence Ground, Canterbury",3,59.1,59.1,Worcestershire,Kent,J Leach,DY Pennington,JEG Logan,0,0,,,,,,,,,,,,,
1271397,2021,2021-09-05,"St Lawrence Ground, Canterbury",3,59.2,59.2,Worcestershire,Kent,J Leach,DY Pennington,JEG Logan,1,0,,,,,,,,,,,,,
1271397,2021,2021-09-05,"St Lawrence Ground, Canterbury",3,59.3,59.3,Worcestershire,Kent,DY Pennington,J Leach,JEG Logan,0,0,,,,,,,,,,,,,
1271397,2021,2021-09-05,"St Lawrence Ground, Canterbury",3,59.4,59.4,Worcestershire,Kent,DY Pennington,J Leach,JEG Logan,0,0,,,,,,,,,,,,,
1271397,2021,2021-09-05,"St Lawrence Ground, Canterbury",3,59.5,59.5,Worcestershire,Kent,DY Pennington,J Leach,JEG Logan,0,1,,,1,,,,,,,,,,
1271397,2021,2021-09-05,"St Lawrence Ground, Canterbury",3,59.6,59.6,Worcestershire,Kent,J Leach,DY Pennington,JEG Logan,0,0,,,,,,,,,,,,,
1271397,2021,2021-09-05,"St Lawrence Ground, Canterbury",3,60.1,60.1,Worcestershire,Kent,DY Pennington,J Leach,NN Gilchrist,0,0,,,,,,,,,,,,,
1271397,2021,2021-09-05,"St Lawrence Ground, Canterbury",3,60.2,60.2,Worcestershire,Kent,DY Pennington,J Leach,NN Gilchrist,0,0,,,,,,,,,,,,,
1271397,2021,2021-09-05,"St Lawrence Ground, Canterbury",3,60.3,60.3,Worcestershire,Kent,DY Pennington,J Leach,NN Gilchrist,0,2,,,,2,,,,,,,,,
1271397,2021,2021-09-05,"St Lawrence Ground, Canterbury",3,60.4,60.4,Worcestershire,Kent,DY Pennington,J Leach,NN Gilchrist,0,0,,,,,,,,,,,,,
1271397,2021,2021-09-05,"St Lawrence Ground, Canterbury",3,60.5,60.5,Worcestershire,Kent,DY Pennington,J Leach,NN Gilchrist,0,0,,,,,,,caught,DY Pennington,,,Z Crawley,,
