match_id,season,start_date,venue,innings,ball,actual_delivery,batting_team,bowling_team,striker,non_striker,bowler,runs_off_bat,extras,wides,noballs,byes,legbyes,penalty,non_boundary,wicket_type,player_dismissed,other_wicket_type,other_player_dismissed,fielder_1,fielder_2,fielder_3
1297992,2022,2022-08-12,"Mitchells and Butlers' Ground, Birmingham",1,0.1,0.1,Warwickshire,Sussex,RM Yates,Hamza Shaikh,A Karvelas,1,0,,,,,,,,,,,,,
1297992,2022,2022-08-12,"Mitchells and Butlers' Ground, Birmingham",1,0.2,0.2,Warwickshire,Sussex,Hamza Shaikh,RM Yates,A Karvelas,0,0,,,,,,,,,,,,,
1297992,2022,2022-08-12,"Mitchells and Butlers' Ground, Birmingham",1,0.3,0.3,Warwickshire,Sussex,Hamza Shaikh,RM Yates,A Karvelas,0,0,,,,,,,,,,,,,
1297992,2022,2022-08-12,"Mitchells and Butlers' Ground, Birmingham",1,0.4,0.4,Warwickshire,Sussex,Hamza Shaikh,RM Yates,A Karvelas,1,0,,,,,,,,,,,,,
1297992,2022,2022-08-12,"Mitchells and Butlers' Ground, Birmingham",1,0.5,0.5,Warwickshire,Sussex,RM Yates,Hamza Shaikh,A Karvelas,0,0,,,,,,,,,,,,,
1297992,2022,2022-08-12,"Mitchells and Butlers' Ground, Birmingham",1,0.6,0.6,Warwickshire,Sussex,RM Yates,Hamza Shaikh,A Karvelas,0,0,,,,,,,,,,,,,
1297992,2022,2022-08-12,"Mitchells and Butlers' Ground, Birmingham",1,1.1,1.1,Warwickshire,Sussex,Hamza Shaikh,RM Yates,BJ Currie,1,0,,,,,,,,,,,,,
1297992,2022,2022-08-12,"Mitchells and Butlers' Ground, Birmingham",1,1.2,1.2,Warwickshire,Sussex,RM Yates,Hamza Shaikh,BJ Currie,0,0,,,,,,,,,,,,,
1297992,2022,2022-08-12,"Mitchells and Butlers' Ground, Birmingham",1,1.3,1.3,Warwickshire,Sussex,RM Yates,Hamza Shaikh,BJ Currie,0,0,,,,,,,,,,,,,
1297992,2022,2022-08-12,"Mitchells and Butlers' Ground, Birmingham",1,1.4,1.4,Warwickshire,Sussex,RM Yates,Hamza Shaikh,BJ Currie,0,1,1,,,,,,,,,,,,
1297992,2022,2022-08-12,"Mitchells and Butlers' Ground, Birmingham",1,1.5,1.4,Warwickshire,Sussex,RM Yates,Hamza Shaikh,BJ Currie,0,0,,,,,,,,,,,,,
1297992,2022,2022-08-12,"Mitchells and Butlers' Ground, Birmingham",1,1.6,1.5,Warwickshire,Sussex,RM Yates,Hamza Shaikh,BJ Currie,1,0,,,,,,,,,,,,,
1297992,2022,2022-08-12,"Mitchells and Butlers' Ground, Birmingham",1,1.7,1.6,Warwickshire,Sussex,Hamza Shaikh,RM Yates,BJ Currie,0,0,,,,,,,,,,,,,
1297992,2022,2022-08-12,"Mitchells and Butlers' Ground, Birmingham",1,2.1,2.1,Warwickshire,Sussex,RM Yates,Hamza Shaikh,A Karvelas,0,0,,,,,,,,,,,,,
1297992,2022,2022-08-12,"Mitchells and Butlers' Ground, Birmingham",1,2.2,2.2,Warwickshire,Sussex,RM Yates,Hamza Shaikh,A Karvelas,0,0,,,,,,,,,,,,,
1297992,2022,2022-08-12,"Mitchells and Butlers' Ground, Birmingham",1,2.3,2.3,Warwickshire,Sussex,RM Yates,Hamza Shaikh,A Karvelas,0,0,,,,,,,,,,,,,
1297992,2022,2022-08-12,"Mitchells and Butlers' Ground, Birmingham",1,2.4,2.4,Warwickshire,Sussex,RM Yates,Hamza Shaikh,A Karvelas,0,0,,,,,,,,,,,,,
1297992,2022,2022-08-12,"Mitchells and Butlers' Ground, Birmingham",1,2.5,2.5,Warwickshire,Sussex,RM Yates,Hamza Shaikh,A Karvelas,4,0,,,,,,,,,,,,,
1297992,2022,2022-08-12,"Mitchells and Butlers' Ground, Birmingham",1,2.6,2.6,Warwickshire,Sussex,RM Yates,Hamza Shaikh,A Karvelas,1,0,,,,,,,,,,,,,
1297992,2022,2022-08-12,"Mitchells and Butlers' Ground, Birmingham",1,3.1,3.1,Warwickshire,Sussex,RM Yates,Hamza Shaikh,BJ Currie,0,1,1,,,,,,,,,,,,
1297992,2022,2022-08-12,"Mitchells and Butlers' Ground, Birmingham",1,3.2,3.1,Warwickshire,Sussex,RM Yates,Hamza Shaikh,BJ Currie,0,0,,,,,,,,,,,,,
1297992,2022,2022-08-12,"Mitchells and Butlers' Ground, Birmingham",1,3.3,3.2,Warwickshire,Sussex,RM Yates,Hamza Shaikh,BJ Currie,0,0,,,,,,,,,,,,,
1297992,2022,2022-08-12,"Mitchells and Butlers' Ground, Birmingham",1,3.4,3.3,Warwickshire,Sussex,RM Yates,Hamza Shaikh,BJ Currie,1,0,,,,,,,,,,,,,
1297992,2022,2022-08-12,"Mitchells and Butlers' Ground, Birmingham",1,3.5,3.4,Warwickshire,Sussex,Hamza Shaikh,RM Yates,BJ Currie,1,0,,,,,,,,,,,,,
1297992,2022,2022-08-12,"Mitchells and Butlers' Ground, Birmingham",1,3.6,3.5,Warwickshire,Sussex,RM Yates,Hamza Shaikh,BJ Currie,0,0,,,,,,,,,,,,,
1297992,2022,2022-08-12,"Mitchells and Butlers' Ground, Birmingham",1,3.7,3.6,Warwickshire,Sussex,RM Yates,Hamza Shaikh,BJ Currie,2,0,,,,,,,,,,,,,
1297992,2022,2022-08-12,"Mitchells and Butlers' Ground, Birmingham",1,4.1,4.1,Warwickshire,Sussex,Hamza Shaikh,RM Yates,A Karvelas,0,0,,,,,,,,,,,,,
1297992,2022,2022-08-12,"Mitchells and Butlers' Ground, Birmingham",1,4.2,4.2,Warwickshire,Sussex,Hamza Shaikh,RM Yates,A Karvelas,0,0,,,,,,,,,,,,,
1297992,2022,2022-08-12,"Mitchells and Butlers' Ground, Birmingham",1,4.3,4.3,Warwickshire,Sussex,Hamza Shaikh,RM Yates,A Karvelas,0,0,,,,,,,,,,,,,
1297992,2022,2022-08-12,"Mitchells and Butlers' Ground, Birmingham",1,4.4,4.4,Warwickshire,Sussex,Hamza Shaikh,RM Yates,A Karvelas,1,0,,,,,,,,,,,,,
1297992,2022,2022-08-12,"Mitchells and Butlers' Ground, Birmingham",1,4.5,4.5,Warwickshire,Sussex,RM Yates,Hamza Shaikh,A Karvelas,4,0,,,,,,,,,,,,,
1297992,2022,2022-08-12,"Mitchells and Butlers' Ground, Birmingham",1,4.6,4.6,Warwickshire,Sussex,RM Yates,Hamza Shaikh,A Karvelas,2,0,,,,,,,,,,,,,
1297992,2022,2022-08-12,"Mitchells and Butlers' Ground, Birmingham",1,5.1,5.1,Warwickshire,Sussex,Hamza Shaikh,RM Yates,BJ Currie,1,0,,,,,,,,,,,,,
1297992,2022,2022-08-12,"Mitchells and Butlers' Ground, Birmingham",1,5.2,5.2,Warwickshire,Sussex,RM Yates,Hamza Shaikh,BJ Currie,0,0,,,,,,,,,,,,,
1297992,2022,2022-08-12,"Mitchells and Butlers' Ground, Birmingham",1,5.3,5.3,Warwickshire,Sussex,RM Yates,Hamza Shaikh,BJ Currie,0,0,,,,,,,,,,,,,
1297992,2022,2022-08-12,"Mitchells and Butlers' Ground, Birmingham",1,5.4,5.4,Warwickshire,Sussex,RM Yates,Hamza Shaikh,BJ Currie,0,0,,,,,,,,,,,,,
1297992,2022,2022-08-12,"Mitchells and Butlers' Ground, Birmingham",1,5.5,5.5,Warwickshire,Sussex,RM Yates,Hamza Shaikh,BJ Currie,4,0,,,,,,,,,,,,,
1297992,2022,2022-08-12,"Mitchells and Butlers' Ground, Birmingham",1,5.6,5.6,Warwickshire,Sussex,RM Yates,Hamza Shaikh,BJ Currie,0,0,,,,,,,,,,,,,
1297992,2022,2022-08-12,"Mitchells and Butlers' Ground, Birmingham",1,6.1,6.1,Warwickshire,Sussex,Hamza Shaikh,RM Yates,A Karvelas,0,0,,,,,,,,,,,,,
1297992,2022,2022-08-12,"Mitchells and Butlers' Ground, Birmingham",1,6.2,6.2,Warwickshire,Sussex,Hamza Shaikh,RM Yates,A Karvelas,0,0,,,,,,,,,,,,,
1297992,2022,2022-08-12,"Mitchells and Butlers' Ground, Birmingham",1,6.3,6.3,Warwickshire,Sussex,Hamza Shaikh,RM Yates,A Karvelas,0,0,,,,,,,,,,,,,
1297992,2022,2022-08-12,"Mitchells and Butlers' Ground, Birmingham",1,6.4,6.4,Warwickshire,Sussex,Hamza Shaikh,RM Yates,A Karvelas,1,0,,,,,,,,,,,,,
1297992,2022,2022-08-12,"Mitchells and Butlers' Ground, Birmingham",1,6.5,6.5,Warwickshire,Sussex,RM Yates,Hamza Shaikh,A Karvelas,4,0,,,,,,,,,,,,,
1297992,2022,2022-08-12,"Mitchells and Butlers' Ground, Birmingham",1,6.6,6.6,Warwickshire,Sussex,RM Yates,Hamza Shaikh,A Karvelas,0,0,,,,,,,,,,,,,
1297992,2022,2022-08-12,"Mitchells and Butlers' Ground, Birmingham",1,7.1,7.1,Warwickshire,Sussex,Hamza Shaikh,RM Yates,BJ Currie,0,0,,,,,,,,,,,,,
1297992,2022,2022-08-12,"Mitchells and Butlers' Ground, Birmingham",1,7.2,7.2,Warwickshire,Sussex,Hamza Shaikh,RM Yates,BJ Currie,0,0,,,,,,,,,,,,,
1297992,2022,2022-08-12,"Mitchells and Butlers' Ground, Birmingham",1,7.3,7.3,Warwickshire,Sussex,Hamza Shaikh,RM Yates,BJ Currie,4,0,,,,,,,,,,,,,
1297992,2022,2022-08-12,"Mitchells and Butlers' Ground, Birmingham",1,7.4,7.4,Warwickshire,Sussex,Hamza Shaikh,RM Yates,BJ Currie,0,0,,,,,,,,,,,,,
1297992,2022,2022-08-12,"Mitchells and Butlers' Ground, Birmingham",1,7.5,7.5,Warwickshire,Sussex,Hamza Shaikh,RM Yates,BJ Currie,1,0,,,,,,,,,,,,,
1297992,2022,2022-08-12,"Mitchells and Butlers' Ground, Birmingham",1,7.6,7.6,Warwickshire,Sussex,RM Yates,Hamza Shaikh,BJ Currie,0,0,,,,,,,,,,,,,
1297992,2022,2022-08-12,"Mitchells and Butlers' Ground, Birmingham",1,8.1,8.1,Warwickshire,Sussex,Hamza Shaikh,RM Yates,HT Crocombe,0,0,,,,,,,,,,,,,
1297992,2022,2022-08-12,"Mitchells and Butlers' Ground, Birmingham",1,8.2,8.2,Warwickshire,Sussex,Hamza Shaikh,RM Yates,HT Crocombe,1,0,,,,,,,,,,,,,
1297992,2022,2022-08-12,"Mitchells and Butlers' Ground, Birmingham",1,8.3,8.3,Warwickshire,Sussex,RM Yates,Hamza Shaikh,HT Crocombe,0,0,,,,,,,,,,,,,
1297992,2022,2022-08-12,"Mitchells and Butlers' Ground, Birmingham",1,8.4,8.4,Warwickshire,Sussex,RM Yates,Hamza Shaikh,HT Crocombe,0,0,,,,,,,,,,,,,
1297992,2022,2022-08-12,"Mitchells and Butlers' Ground, Birmingham",1,8.5,8.5,Warwickshire,Sussex,RM Yates,Hamza Shaikh,HT Crocombe,6,0,,,,,,,,,,,,,
1297992,2022,2022-08-12,"Mitchells and Butlers' Ground, Birmingham",1,8.6,8.6,Warwickshire,Sussex,RM Yates,Hamza Shaikh,HT Crocombe,0,0,,,,,,,,,,,,,
1297992,2022,2022-08-12,"Mitchells and Butlers' Ground, Birmingham",1,9.1,9.1,Warwickshire,Sussex,Hamza Shaikh,RM Yates,BJ Currie,0,0,,,,,,,,,,,,,
1297992,2022,2022-08-12,"Mitchells and Butlers' Ground, Birmingham",1,9.2,9.2,Warwickshire,Sussex,Hamza Shaikh,RM Yates,BJ Currie,0,0,,,,,,,,,,,,,
1297992,2022,2022-08-12,"Mitchells and Butlers' Ground, Birmingham",1,9.3,9.3,Warwickshire,Sussex,Hamza Shaikh,RM Yates,BJ Currie,0,0,,,,,,,,,,,,,
1297992,2022,2022-08-12,"Mitchells and Butlers' Ground, Birmingham",1,9.4,9.4,Warwickshire,Sussex,Hamza Shaikh,RM Yates,BJ Currie,1,0,,,,,,,,,,,,,
1297992,2022,2022-08-12,"Mitchells and Butlers' Ground, Birmingham",1,9.5,9.5,Warwickshire,Sussex,RM Yates,Hamza Shaikh,BJ Currie,0,0,,,,,,,,,,,,,
1297992,2022,2022-08-12,"Mitchells and Butlers' Ground, Birmingham",1,9.6,9.6,Warwickshire,Sussex,RM Yates,Hamza Shaikh,BJ Currie,1,0,,,,,,,,,,,,,
1297992,2022,2022-08-12,"Mitchells and Butlers' Ground, Birmingham",1,10.1,10.1,Warwickshire,Sussex,RM Yates,Hamza Shaikh,HT Crocombe,1,0,,,,,,,,,,,,,
1297992,2022,2022-08-12,"Mitchells and Butlers' Ground, Birmingham",1,10.2,10.2,Warwickshire,Sussex,Hamza Shaikh,RM Yates,HT Crocombe,0,0,,,,,,,,,,,,,
1297992,2022,2022-08-12,"Mitchells and Butlers' Ground, Birmingham",1,10.3,10.3,Warwickshire,Sussex,Hamza Shaikh,RM Yates,HT Crocombe,0,0,,,,,,,,,,,,,
1297992,2022,2022-08-12,"Mitchells and Butlers' Ground, Birmingham",1,10.4,10.4,Warwickshire,Sussex,Hamza Shaikh,RM Yates,HT Crocombe,0,0,,,,,,,,,,,,,
1297992,2022,2022-08-12,"Mitchells and Butlers' Ground, Birmingham",1,10.5,10.5,Warwickshire,Sussex,Hamza Shaikh,RM Yates,HT Crocombe,0,0,,,,,,,,,,,,,
1297992,2022,2022-08-12,"Mitchells and Butlers' Ground, Birmingham",1,10.6,10.6,Warwickshire,Sussex,Hamza Shaikh,RM Yates,HT Crocombe,2,0,,,,,,,,,,,,,
1297992,2022,2022-08-12,"Mitchells and Butlers' Ground, Birmingham",1,11.1,11.1,Warwickshire,Sussex,RM Yates,Hamza Shaikh,DMW Rawlins,0,0,,,,,,,,,,,,,
1297992,2022,2022-08-12,"Mitchells and Butlers' Ground, Birmingham",1,11.2,11.2,Warwickshire,Sussex,RM Yates,Hamza Shaikh,DMW Rawlins,1,0,,,,,,,,,,,,,
1297992,2022,2022-08-12,"Mitchells and Butlers' Ground, Birmingham",1,11.3,11.3,Warwickshire,Sussex,Hamza Shaikh,RM Yates,DMW Rawlins,1,0,,,,,,,,,,,,,
1297992,2022,2022-08-12,"Mitchells and Butlers' Ground, Birmingham",1,11.4,11.4,Warwickshire,Sussex,RM Yates,Hamza Shaikh,DMW Rawlins,0,0,,,,,,,,,,,,,
1297992,2022,2022-08-12,"Mitchells and Butlers' Ground, Birmingham",1,11.5,11.5,Warwickshire,Sussex,RM Yates,Hamza Shaikh,DMW Rawlins,0,0,,,,,,,,,,,,,
1297992,2022,2022-08-12,"Mitchells and Butlers' Ground, Birmingham",1,11.6,11.6,Warwickshire,Sussex,RM Yates,Hamza Shaikh,DMW Rawlins,0,0,,,,,,,,,,,,,
1297992,2022,2022-08-12,"Mitchells and Butlers' Ground, Birmingham",1,12.1,12.1,Warwickshire,Sussex,Hamza Shaikh,RM Yates,HT Crocombe,1,0,,,,,,,,,,,,,
1297992,2022,2022-08-12,"Mitchells and Butlers' Ground, Birmingham",1,12.2,12.2,Warwickshire,Sussex,RM Yates,Hamza Shaikh,HT Crocombe,0,0,,,,,,,,,,,,,
1297992,2022,2022-08-12,"Mitchells and Butlers' Ground, Birmingham",1,12.3,12.3,Warwickshire,Sussex,RM Yates,Hamza Shaikh,HT Crocombe,1,0,,,,,,,,,,,,,
1297992,2022,2022-08-12,"Mitchells and Butlers' Ground, Birmingham",1,12.4,12.4,Warwickshire,Sussex,Hamza Shaikh,RM Yates,HT Crocombe,1,0,,,,,,,,,,,,,
1297992,2022,2022-08-12,"Mitchells and Butlers' Ground, Birmingham",1,12.5,12.5,Warwickshire,Sussex,RM Yates,Hamza Shaikh,HT Crocombe,2,0,,,,,,,,,,,,,
1297992,2022,2022-08-12,"Mitchells and Butlers' Ground, Birmingham",1,12.6,12.6,Warwickshire,Sussex,RM Yates,Hamza Shaikh,HT Crocombe,1,0,,,,,,,,,,,,,
1297992,2022,2022-08-12,"Mitchells and Butlers' Ground, Birmingham",1,13.1,13.1,Warwickshire,Sussex,RM Yates,Hamza Shaikh,DMW Rawlins,0,0,,,,,,,,,,,,,
1297992,2022,2022-08-12,"Mitchells and Butlers' Ground, Birmingham",1,13.2,13.2,Warwickshire,Sussex,RM Yates,Hamza Shaikh,DMW Rawlins,4,0,,,,,,,,,,,,,
1297992,2022,2022-08-12,"Mitchells and Butlers' Ground, Birmingham",1,13.3,13.3,Warwickshire,Sussex,RM Yates,Hamza Shaikh,DMW Rawlins,1,0,,,,,,,,,,,,,
1297992,2022,2022-08-12,"Mitchells and Butlers' Ground, Birmingham",1,13.4,13.4,Warwickshire,Sussex,Hamza Shaikh,RM Yates,DMW Rawlins,0,0,,,,,,,,,,,,,
1297992,2022,2022-08-12,"Mitchells and Butlers' Ground, Birmingham",1,13.5,13.5,Warwickshire,Sussex,Hamza Shaikh,RM Yates,DMW Rawlins,0,0,,,,,,,,,,,,,
1297992,2022,2022-08-12,"Mitchells and Butlers' Ground, Birmingham",1,13.6,13.6,Warwickshire,Sussex,Hamza Shaikh,RM Yates,DMW Rawlins,1,0,,,,,,,,,,,,,
1297992,2022,2022-08-12,"Mitchells and Butlers' Ground, Birmingham",1,14.1,14.1,Warwickshire,Sussex,Hamza Shaikh,RM Yates,AC Lenham,0,0,,,,,,,,,,,,,
1297992,2022,2022-08-12,"Mitchells and Butlers' Ground, Birmingham",1,14.2,14.2,Warwickshire,Sussex,Hamza Shaikh,RM Yates,AC Lenham,0,0,,,,,,,,,,,,,
1297992,2022,2022-08-12,"Mitchells and Butlers' Ground, Birmingham",1,14.3,14.3,Warwickshire,Sussex,Hamza Shaikh,RM Yates,AC Lenham,4,0,,,,,,,,,,,,,
1297992,2022,2022-08-12,"Mitchells and Butlers' Ground, Birmingham",1,14.4,14.4,Warwickshire,Sussex,Hamza Shaikh,RM Yates,AC Lenham,0,0,,,,,,,,,,,,,
1297992,2022,2022-08-12,"Mitchells and Butlers' Ground, Birmingham",1,14.5,14.5,Warwickshire,Sussex,Hamza Shaikh,RM Yates,AC Lenham,1,0,,,,,,,,,,,,,
1297992,2022,2022-08-12,"Mitchells and Butlers' Ground, Birmingham",1,14.6,14.6,Warwickshire,Sussex,RM Yates,Hamza Shaikh,AC Lenham,0,0,,,,,,,,,,,,,
1297992,2022,2022-08-12,"Mitchells and Butlers' Ground, Birmingham",1,15.1,15.1,Warwickshire,Sussex,Hamza Shaikh,RM Yates,DMW Rawlins,1,0,,,,,,,,,,,,,
1297992,2022,2022-08-12,"Mitchells and Butlers' Ground, Birmingham",1,15.2,15.2,Warwickshire,Sussex,RM Yates,Hamza Shaikh,DMW Rawlins,0,0,,,,,,,run out,Hamza Shaikh,,,CA Pujara,,
1297992,2022,2022-08-12,"Mitchells and Butlers' Ground, Birmingham",1,15.3,15.3,Warwickshire,Sussex,WMH Rhodes,RM Yates,DMW Rawlins,2,0,,,,,,,,,,,,,
1297992,2022,2022-08-12,"Mitchells and Butlers' Ground, Birmingham",1,15.4,15.4,Warwickshire,Sussex,WMH Rhodes,RM Yates,DMW Rawlins,1,0,,,,,,,,,,,,,
1297992,2022,2022-08-12,"Mitchells and Butlers' Ground, Birmingham",1,15.5,15.5,Warwickshire,Sussex,RM Yates,WMH Rhodes,DMW Rawlins,1,0,,,,,,,,,,,,,
1297992,2022,2022-08-12,"Mitchells and Butlers' Ground, Birmingham",1,15.6,15.6,Warwickshire,Sussex,WMH Rhodes,RM Yates,DMW Rawlins,1,0,,,,,,,,,,,,,
1297992,2022,2022-08-12,"Mitchells and Butlers' Ground, Birmingham",1,16.1,16.1,Warwickshire,Sussex,WMH Rhodes,RM Yates,HD Ward,0,0,,,,,,,,,,,,,
1297992,2022,2022-08-12,"Mitchells and Butlers' Ground, Birmingham",1,16.2,16.2,Warwickshire,Sussex,WMH Rhodes,RM Yates,HD Ward,2,0,,,,,,,,,,,,,
1297992,2022,2022-08-12,"Mitchells and Butlers' Ground, Birmingham",1,16.3,16.3,Warwickshire,Sussex,WMH Rhodes,RM Yates,HD Ward,2,0,,,,,,,,,,,,,
1297992,2022,2022-08-12,"Mitchells and Butlers' Ground, Birmingham",1,16.4,16.4,Warwickshire,Sussex,WMH Rhodes,RM Yates,HD Ward,2,0,,,,,,,,,,,,,
1297992,2022,2022-08-12,"Mitchells and Butlers' Ground, Birmingham",1,16.5,16.5,Warwickshire,Sussex,WMH Rhodes,RM Yates,HD Ward,0,0,,,,,,,,,,,,,
1297992,2022,2022-08-12,"Mitchells and Butlers' Ground, Birmingham",1,16.6,16.6,Warwickshire,Sussex,WMH Rhodes,RM Yates,HD Ward,0,0,,,,,,,,,,,,,
1297992,2022,2022-08-12,"Mitchells and Butlers' Ground, Birmingham",1,17.1,17.1,Warwickshire,Sussex,RM Yates,WMH Rhodes,DMW Rawlins,1,0,,,,,,,,,,,,,
1297992,2022,2022-08-12,"Mitchells and Butlers' Ground, Birmingham",1,17.2,17.2,Warwickshire,Sussex,WMH Rhodes,RM Yates,DMW Rawlins,0,0,,,,,,,,,,,,,
1297992,2022,2022-08-12,"Mitchells and Butlers' Ground, Birmingham",1,17.3,17.3,Warwickshire,Sussex,WMH Rhodes,RM Yates,DMW Rawlins,1,0,,,,,,,,,,,,,
1297992,2022,2022-08-12,"Mitchells and Butlers' Ground, Birmingham",1,17.4,17.4,Warwickshire,Sussex,RM Yates,WMH Rhodes,DMW Rawlins,0,0,,,,,,,,,,,,,
1297992,2022,2022-08-12,"Mitchells and Butlers' Ground, Birmingham",1,17.5,17.5,Warwickshire,Sussex,RM Yates,WMH Rhodes,DMW Rawlins,1,0,,,,,,,,,,,,,
1297992,2022,2022-08-12,"Mitchells and Butlers' Ground, Birmingham",1,17.6,17.6,Warwickshire,Sussex,WMH Rhodes,RM Yates,DMW Rawlins,0,0,,,,,,,,,,,,,
1297992,2022,2022-08-12,"Mitchells and Butlers' Ground, Birmingham",1,18.1,18.1,Warwickshire,Sussex,RM Yates,WMH Rhodes,HD Ward,4,0,,,,,,,,,,,,,
1297992,2022,2022-08-12,"Mitchells and Butlers' Ground, Birmingham",1,18.2,18.2,Warwickshire,Sussex,RM Yates,WMH Rhodes,HD Ward,0,0,,,,,,,,,,,,,
1297992,2022,2022-08-12,"Mitchells and Butlers' Ground, Birmingham",1,18.3,18.3,Warwickshire,Sussex,RM Yates,WMH Rhodes,HD Ward,0,0,,,,,,,,,,,,,
1297992,2022,2022-08-12,"Mitchells and Butlers' Ground, Birmingham",1,18.4,18.4,Warwickshire,Sussex,RM Yates,WMH Rhodes,HD Ward,0,0,,,,,,,,,,,,,
1297992,2022,2022-08-12,"Mitchells and Butlers' Ground, Birmingham",1,18.5,18.5,Warwickshire,Sussex,RM Yates,WMH Rhodes,HD Ward,1,0,,,,,,,,,,,,,
1297992,2022,2022-08-12,"Mitchells and Butlers' Ground, Birmingham",1,18.6,18.6,Warwickshire,Sussex,WMH Rhodes,RM Yates,HD Ward,0,0,,,,,,,,,,,,,
1297992,2022,2022-08-12,"Mitchells and Butlers' Ground, Birmingham",1,19.1,19.1,Warwickshire,Sussex,RM Yates,WMH Rhodes,DMW Rawlins,0,0,,,,,,,,,,,,,
1297992,2022,2022-08-12,"Mitchells and Butlers' Ground, Birmingham",1,19.2,19.2,Warwickshire,Sussex,RM Yates,WMH Rhodes,DMW Rawlins,0,0,,,,,,,,,,,,,
1297992,2022,2022-08-12,"Mitchells and Butlers' Ground, Birmingham",1,19.3,19.3,Warwickshire,Sussex,RM Yates,WMH Rhodes,DMW Rawlins,0,0,,,,,,,,,,,,,
1297992,2022,2022-08-12,"Mitchells and Butlers' Ground, Birmingham",1,19.4,19.4,Warwickshire,Sussex,RM Yates,WMH Rhodes,DMW Rawlins,1,0,,,,,,,,,,,,,
1297992,2022,2022-08-12,"Mitchells and Butlers' Ground, Birmingham",1,19.5,19.5,Warwickshire,Sussex,WMH Rhodes,RM Yates,DMW Rawlins,0,0,,,,,,,,,,,,,
1297992,2022,2022-08-12,"Mitchells and Butlers' Ground, Birmingham",1,19.6,19.6,Warwickshire,Sussex,WMH Rhodes,RM Yates,DMW Rawlins,0,0,,,,,,,,,,,,,
1297992,2022,2022-08-12,"Mitchells and Butlers' Ground, Birmingham",1,20.1,20.1,Warwickshire,Sussex,RM Yates,WMH Rhodes,HD Ward,4,2,,2,,,,,,,,,,,
1297992,2022,2022-08-12,"Mitchells and Butlers' Ground, Birmingham",1,20.2,20.1,Warwickshire,Sussex,RM Yates,WMH Rhodes,HD Ward,0,2,2,,,,,,,,,,,,
1297992,2022,2022-08-12,"Mitchells and Butlers' Ground, Birmingham",1,20.3,20.1,Warwickshire,Sussex,WMH Rhodes,RM Yates,HD Ward,1,0,,,,,,,,,,,,,
1297992,2022,2022-08-12,"Mitchells and Butlers' Ground, Birmingham",1,20.4,20.2,Warwickshire,Sussex,RM Yates,WMH Rhodes,HD Ward,1,0,,,,,,,,,,,,,
1297992,2022,2022-08-12,"Mitchells and Butlers' Ground, Birmingham",1,20.5,20.3,Warwickshire,Sussex,WMH Rhodes,RM Yates,HD Ward,0,0,,,,,,,,,,,,,
1297992,2022,2022-08-12,"Mitchells and Butlers' Ground, Birmingham",1,20.6,20.4,Warwickshire,Sussex,WMH Rhodes,RM Yates,HD Ward,4,0,,,,,,,,,,,,,
1297992,2022,2022-08-12,"Mitchells and Butlers' Ground, Birmingham",1,20.7,20.5,Warwickshire,Sussex,WMH Rhodes,RM Yates,HD Ward,1,0,,,,,,,,,,,,,
1297992,2022,2022-08-12,"Mitchells and Butlers' Ground, Birmingham",1,20.8,20.6,Warwickshire,Sussex,RM Yates,WMH Rhodes,HD Ward,0,0,,,,,,,,,,,,,
1297992,2022,2022-08-12,"Mitchells and Butlers' Ground, Birmingham",1,21.1,21.1,Warwickshire,Sussex,WMH Rhodes,RM Yates,DMW Rawlins,0,0,,,,,,,,,,,,,
1297992,2022,2022-08-12,"Mitchells and Butlers' Ground, Birmingham",1,21.2,21.2,Warwickshire,Sussex,WMH Rhodes,RM Yates,DMW Rawlins,0,0,,,,,,,,,,,,,
1297992,2022,2022-08-12,"Mitchells and Butlers' Ground, Birmingham",1,21.3,21.3,Warwickshire,Sussex,WMH Rhodes,RM Yates,DMW Rawlins,1,0,,,,,,,,,,,,,
1297992,2022,2022-08-12,"Mitchells and Butlers' Ground, Birmingham",1,21.4,21.4,Warwickshire,Sussex,RM Yates,WMH Rhodes,DMW Rawlins,2,0,,,,,,,,,,,,,
1297992,2022,2022-08-12,"Mitchells and Butlers' Ground, Birmingham",1,21.5,21.5,Warwickshire,Sussex,RM Yates,WMH Rhodes,DMW Rawlins,0,0,,,,,,,,,,,,,
1297992,2022,2022-08-12,"Mitchells and Butlers' Ground, Birmingham",1,21.6,21.6,Warwickshire,Sussex,RM Yates,WMH Rhodes,DMW Rawlins,1,0,,,,,,,,,,,,,
1297992,2022,2022-08-12,"Mitchells and Butlers' Ground, Birmingham",1,22.1,22.1,Warwickshire,Sussex,RM Yates,WMH Rhodes,AC Lenham,4,0,,,,,,,,,,,,,
1297992,2022,2022-08-12,"Mitchells and Butlers' Ground, Birmingham",1,22.2,22.2,Warwickshire,Sussex,RM Yates,WMH Rhodes,AC Lenham,1,0,,,,,,,,,,,,,
1297992,2022,2022-08-12,"Mitchells and Butlers' Ground, Birmingham",1,22.3,22.3,Warwickshire,Sussex,WMH Rhodes,RM Yates,AC Lenham,4,0,,,,,,,,,,,,,
1297992,2022,2022-08-12,"Mitchells and Butlers' Ground, Birmingham",1,22.4,22.4,Warwickshire,Sussex,WMH Rhodes,RM Yates,AC Lenham,0,0,,,,,,,,,,,,,
1297992,2022,2022-08-12,"Mitchells and Butlers' Ground, Birmingham",1,22.5,22.5,Warwickshire,Sussex,WMH Rhodes,RM Yates,AC Lenham,2,0,,,,,,,,,,,,,
1297992,2022,2022-08-12,"Mitchells and Butlers' Ground, Birmingham",1,22.6,22.6,Warwickshire,Sussex,WMH Rhodes,RM Yates,AC Lenham,1,0,,,,,,,,,,,,,
1297992,2022,2022-08-12,"Mitchells and Butlers' Ground, Birmingham",1,23.1,23.1,Warwickshire,Sussex,WMH Rhodes,RM Yates,DMW Rawlins,0,0,,,,,,,,,,,,,
1297992,2022,2022-08-12,"Mitchells and Butlers' Ground, Birmingham",1,23.2,23.2,Warwickshire,Sussex,WMH Rhodes,RM Yates,DMW Rawlins,0,0,,,,,,,,,,,,,
1297992,2022,2022-08-12,"Mitchells and Butlers' Ground, Birmingham",1,23.3,23.3,Warwickshire,Sussex,WMH Rhodes,RM Yates,DMW Rawlins,1,0,,,,,,,,,,,,,
1297992,2022,2022-08-12,"Mitchells and Butlers' Ground, Birmingham",1,23.4,23.4,Warwickshire,Sussex,RM Yates,WMH Rhodes,DMW Rawlins,1,0,,,,,,,,,,,,,
1297992,2022,2022-08-12,"Mitchells and Butlers' Ground, Birmingham",1,23.5,23.5,Warwickshire,Sussex,WMH Rhodes,RM Yates,DMW Rawlins,4,0,,,,,,,,,,,,,
1297992,2022,2022-08-12,"Mitchells and Butlers' Ground, Birmingham",1,23.6,23.6,Warwickshire,Sussex,WMH Rhodes,RM Yates,DMW Rawlins,1,0,,,,,,,,,,,,,
1297992,2022,2022-08-12,"Mitchells and Butlers' Ground, Birmingham",1,24.1,24.1,Warwickshire,Sussex,WMH Rhodes,RM Yates,AC Lenham,0,0,,,,,,,,,,,,,
1297992,2022,2022-08-12,"Mitchells and Butlers' Ground, Birmingham",1,24.2,24.2,Warwickshire,Sussex,WMH Rhodes,RM Yates,AC Lenham,1,0,,,,,,,,,,,,,
1297992,2022,2022-08-12,"Mitchells and Butlers' Ground, Birmingham",1,24.3,24.3,Warwickshire,Sussex,RM Yates,WMH Rhodes,AC Lenham,1,0,,,,,,,,,,,,,
1297992,2022,2022-08-12,"Mitchells and Butlers' Ground, Birmingham",1,24.4,24.4,Warwickshire,Sussex,WMH Rhodes,RM Yates,AC Lenham,0,0,,,,,,,,,,,,,
1297992,2022,2022-08-12,"Mitchells and Butlers' Ground, Birmingham",1,24.5,24.5,Warwickshire,Sussex,WMH Rhodes,RM Yates,AC Lenham,0,0,,,,,,,,,,,,,
1297992,2022,2022-08-12,"Mitchells and Butlers' Ground, Birmingham",1,24.6,24.6,Warwickshire,Sussex,WMH Rhodes,RM Yates,AC Lenham,1,0,,,,,,,,,,,,,
1297992,2022,2022-08-12,"Mitchells and Butlers' Ground, Birmingham",1,25.1,25.1,Warwickshire,Sussex,WMH Rhodes,RM Yates,HT Crocombe,1,0,,,,,,,,,,,,,
1297992,2022,2022-08-12,"Mitchells and Butlers' Ground, Birmingham",1,25.2,25.2,Warwickshire,Sussex,RM Yates,WMH Rhodes,HT Crocombe,1,0,,,,,,,,,,,,,
1297992,2022,2022-08-12,"Mitchells and Butlers' Ground, Birmingham",1,25.3,25.3,Warwickshire,Sussex,WMH Rhodes,RM Yates,HT Crocombe,0,0,,,,,,,,,,,,,
1297992,2022,2022-08-12,"Mitchells and Butlers' Ground, Birmingham",1,25.4,25.4,Warwickshire,Sussex,WMH Rhodes,RM Yates,HT Crocombe,1,0,,,,,,,,,,,,,
1297992,2022,2022-08-12,"Mitchells and Butlers' Ground, Birmingham",1,25.5,25.5,Warwickshire,Sussex,RM Yates,WMH Rhodes,HT Crocombe,1,0,,,,,,,,,,,,,
1297992,2022,2022-08-12,"Mitchells and Butlers' Ground, Birmingham",1,25.6,25.6,Warwickshire,Sussex,WMH Rhodes,RM Yates,HT Crocombe,0,1,1,,,,,,,,,,,,
1297992,2022,2022-08-12,"Mitchells and Butlers' Ground, Birmingham",1,25.7,25.6,Warwickshire,Sussex,WMH Rhodes,RM Yates,HT Crocombe,0,0,,,,,,,,,,,,,
1297992,2022,2022-08-12,"Mitchells and Butlers' Ground, Birmingham",1,26.1,26.1,Warwickshire,Sussex,RM Yates,WMH Rhodes,A Karvelas,0,0,,,,,,,,,,,,,
1297992,2022,2022-08-12,"Mitchells and Butlers' Ground, Birmingham",1,26.2,26.2,Warwickshire,Sussex,RM Yates,WMH Rhodes,A Karvelas,4,0,,,,,,,,,,,,,
1297992,2022,2022-08-12,"Mitchells and Butlers' Ground, Birmingham",1,26.3,26.3,Warwickshire,Sussex,RM Yates,WMH Rhodes,A Karvelas,0,0,,,,,,,,,,,,,
1297992,2022,2022-08-12,"Mitchells and Butlers' Ground, Birmingham",1,26.4,26.4,Warwickshire,Sussex,RM Yates,WMH Rhodes,A Karvelas,0,0,,,,,,,,,,,,,
1297992,2022,2022-08-12,"Mitchells and Butlers' Ground, Birmingham",1,26.5,26.5,Warwickshire,Sussex,RM Yates,WMH Rhodes,A Karvelas,1,0,,,,,,,,,,,,,
1297992,2022,2022-08-12,"Mitchells and Butlers' Ground, Birmingham",1,26.6,26.6,Warwickshire,Sussex,WMH Rhodes,RM Yates,A Karvelas,1,0,,,,,,,,,,,,,
1297992,2022,2022-08-12,"Mitchells and Butlers' Ground, Birmingham",1,27.1,27.1,Warwickshire,Sussex,WMH Rhodes,RM Yates,AC Lenham,1,0,,,,,,,,,,,,,
1297992,2022,2022-08-12,"Mitchells and Butlers' Ground, Birmingham",1,27.2,27.2,Warwickshire,Sussex,RM Yates,WMH Rhodes,AC Lenham,1,0,,,,,,,,,,,,,
1297992,2022,2022-08-12,"Mitchells and Butlers' Ground, Birmingham",1,27.3,27.3,Warwickshire,Sussex,WMH Rhodes,RM Yates,AC Lenham,4,0,,,,,,,,,,,,,
1297992,2022,2022-08-12,"Mitchells and Butlers' Ground, Birmingham",1,27.4,27.4,Warwickshire,Sussex,WMH Rhodes,RM Yates,AC Lenham,1,0,,,,,,,,,,,,,
1297992,2022,2022-08-12,"Mitchells and Butlers' Ground, Birmingham",1,27.5,27.5,Warwickshire,Sussex,RM Yates,WMH Rhodes,AC Lenham,4,0,,,,,,,,,,,,,
1297992,2022,2022-08-12,"Mitchells and Butlers' Ground, Birmingham",1,27.6,27.6,Warwickshire,Sussex,RM Yates,WMH Rhodes,AC Lenham,0,0,,,,,,,,,,,,,
1297992,2022,2022-08-12,"Mitchells and Butlers' Ground, Birmingham",1,28.1,28.1,Warwickshire,Sussex,WMH Rhodes,RM Yates,A Karvelas,1,0,,,,,,,,,,,,,
1297992,2022,2022-08-12,"Mitchells and Butlers' Ground, Birmingham",1,28.2,28.2,Warwickshire,Sussex,RM Yates,WMH Rhodes,A Karvelas,1,0,,,,,,,,,,,,,
1297992,2022,2022-08-12,"Mitchells and Butlers' Ground, Birmingham",1,28.3,28.3,Warwickshire,Sussex,WMH Rhodes,RM Yates,A Karvelas,1,0,,,,,,,,,,,,,
1297992,2022,2022-08-12,"Mitchells and Butlers' Ground, Birmingham",1,28.4,28.4,Warwickshire,Sussex,RM Yates,WMH Rhodes,A Karvelas,0,0,,,,,,,,,,,,,
1297992,2022,2022-08-12,"Mitchells and Butlers' Ground, Birmingham",1,28.5,28.5,Warwickshire,Sussex,RM Yates,WMH Rhodes,A Karvelas,0,0,,,,,,,,,,,,,
1297992,2022,2022-08-12,"Mitchells and Butlers' Ground, Birmingham",1,28.6,28.6,Warwickshire,Sussex,RM Yates,WMH Rhodes,A Karvelas,0,0,,,,,,,,,,,,,
1297992,2022,2022-08-12,"Mitchells and Butlers' Ground, Birmingham",1,29.1,29.1,Warwickshire,Sussex,WMH Rhodes,RM Yates,D Ibrahim,0,0,,,,,,,,,,,,,
1297992,2022,2022-08-12,"Mitchells and Butlers' Ground, Birmingham",1,29.2,29.2,Warwickshire,Sussex,WMH Rhodes,RM Yates,D Ibrahim,1,0,,,,,,,,,,,,,
1297992,2022,2022-08-12,"Mitchells and Butlers' Ground, Birmingham",1,29.3,29.3,Warwickshire,Sussex,RM Yates,WMH Rhodes,D Ibrahim,4,0,,,,,,,,,,,,,
1297992,2022,2022-08-12,"Mitchells and Butlers' Ground, Birmingham",1,29.4,29.4,Warwickshire,Sussex,RM Yates,WMH Rhodes,D Ibrahim,1,0,,,,,,,,,,,,,
1297992,2022,2022-08-12,"Mitchells and Butlers' Ground, Birmingham",1,29.5,29.5,Warwickshire,Sussex,WMH Rhodes,RM Yates,D Ibrahim,1,0,,,,,,,,,,,,,
1297992,2022,2022-08-12,"Mitchells and Butlers' Ground, Birmingham",1,29.6,29.6,Warwickshire,Sussex,RM Yates,WMH Rhodes,D Ibrahim,4,0,,,,,,,,,,,,,
1297992,2022,2022-08-12,"Mitchells and Butlers' Ground, Birmingham",1,30.1,30.1,Warwickshire,Sussex,WMH Rhodes,RM Yates,A Karvelas,1,0,,,,,,,,,,,,,
1297992,2022,2022-08-12,"Mitchells and Butlers' Ground, Birmingham",1,30.2,30.2,Warwickshire,Sussex,RM Yates,WMH Rhodes,A Karvelas,1,0,,,,,,,,,,,,,
1297992,2022,2022-08-12,"Mitchells and Butlers' Ground, Birmingham",1,30.3,30.3,Warwickshire,Sussex,WMH Rhodes,RM Yates,A Karvelas,0,0,,,,,,,,,,,,,
1297992,2022,2022-08-12,"Mitchells and Butlers' Ground, Birmingham",1,30.4,30.4,Warwickshire,Sussex,WMH Rhodes,RM Yates,A Karvelas,0,0,,,,,,,,,,,,,
1297992,2022,2022-08-12,"Mitchells and Butlers' Ground, Birmingham",1,30.5,30.5,Warwickshire,Sussex,WMH Rhodes,RM Yates,A Karvelas,4,0,,,,,,,,,,,,,
1297992,2022,2022-08-12,"Mitchells and Butlers' Ground, Birmingham",1,30.6,30.6,Warwickshire,Sussex,WMH Rhodes,RM Yates,A Karvelas,0,0,,,,,,,,,,,,,
1297992,2022,2022-08-12,"Mitchells and Butlers' Ground, Birmingham",1,31.1,31.1,Warwickshire,Sussex,RM Yates,WMH Rhodes,DMW Rawlins,0,0,,,,,,,,,,,,,
1297992,2022,2022-08-12,"Mitchells and Butlers' Ground, Birmingham",1,31.2,31.2,Warwickshire,Sussex,RM Yates,WMH Rhodes,DMW Rawlins,1,0,,,,,,,,,,,,,
1297992,2022,2022-08-12,"Mitchells and Butlers' Ground, Birmingham",1,31.3,31.3,Warwickshire,Sussex,WMH Rhodes,RM Yates,DMW Rawlins,1,0,,,,,,,,,,,,,
1297992,2022,2022-08-12,"Mitchells and Butlers' Ground, Birmingham",1,31.4,31.4,Warwickshire,Sussex,RM Yates,WMH Rhodes,DMW Rawlins,1,0,,,,,,,,,,,,,
1297992,2022,2022-08-12,"Mitchells and Butlers' Ground, Birmingham",1,31.5,31.5,Warwickshire,Sussex,WMH Rhodes,RM Yates,DMW Rawlins,1,0,,,,,,,,,,,,,
1297992,2022,2022-08-12,"Mitchells and Butlers' Ground, Birmingham",1,31.6,31.6,Warwickshire,Sussex,RM Yates,WMH Rhodes,DMW Rawlins,0,0,,,,,,,,,,,,,
1297992,2022,2022-08-12,"Mitchells and Butlers' Ground, Birmingham",1,32.1,32.1,Warwickshire,Sussex,WMH Rhodes,RM Yates,HT Crocombe,6,0,,,,,,,,,,,,,
1297992,2022,2022-08-12,"Mitchells and Butlers' Ground, Birmingham",1,32.2,32.2,Warwickshire,Sussex,WMH Rhodes,RM Yates,HT Crocombe,0,0,,,,,,,,,,,,,
1297992,2022,2022-08-12,"Mitchells and Butlers' Ground, Birmingham",1,32.3,32.3,Warwickshire,Sussex,WMH Rhodes,RM Yates,HT Crocombe,0,0,,,,,,,,,,,,,
1297992,2022,2022-08-12,"Mitchells and Butlers' Ground, Birmingham",1,32.4,32.4,Warwickshire,Sussex,WMH Rhodes,RM Yates,HT Crocombe,0,0,,,,,,,,,,,,,
1297992,2022,2022-08-12,"Mitchells and Butlers' Ground, Birmingham",1,32.5,32.5,Warwickshire,Sussex,WMH Rhodes,RM Yates,HT Crocombe,4,0,,,,,,,,,,,,,
1297992,2022,2022-08-12,"Mitchells and Butlers' Ground, Birmingham",1,32.6,32.6,Warwickshire,Sussex,WMH Rhodes,RM Yates,HT Crocombe,1,0,,,,,,,,,,,,,
1297992,2022,2022-08-12,"Mitchells and Butlers' Ground, Birmingham",1,33.1,33.1,Warwickshire,Sussex,WMH Rhodes,RM Yates,DMW Rawlins,4,0,,,,,,,,,,,,,
1297992,2022,2022-08-12,"Mitchells and Butlers' Ground, Birmingham",1,33.2,33.2,Warwickshire,Sussex,WMH Rhodes,RM Yates,DMW Rawlins,0,0,,,,,,,,,,,,,
1297992,2022,2022-08-12,"Mitchells and Butlers' Ground, Birmingham",1,33.3,33.3,Warwickshire,Sussex,WMH Rhodes,RM Yates,DMW Rawlins,1,0,,,,,,,,,,,,,
1297992,2022,2022-08-12,"Mitchells and Butlers' Ground, Birmingham",1,33.4,33.4,Warwickshire,Sussex,RM Yates,WMH Rhodes,DMW Rawlins,1,0,,,,,,,,,,,,,
1297992,2022,2022-08-12,"Mitchells and Butlers' Ground, Birmingham",1,33.5,33.5,Warwickshire,Sussex,WMH Rhodes,RM Yates,DMW Rawlins,1,0,,,,,,,,,,,,,
1297992,2022,2022-08-12,"Mitchells and Butlers' Ground, Birmingham",1,33.6,33.6,Warwickshire,Sussex,RM Yates,WMH Rhodes,DMW Rawlins,0,0,,,,,,,,,,,,,
1297992,2022,2022-08-12,"Mitchells and Butlers' Ground, Birmingham",1,34.1,34.1,Warwickshire,Sussex,WMH Rhodes,RM Yates,HT Crocombe,0,0,,,,,,,,,,,,,
1297992,2022,2022-08-12,"Mitchells and Butlers' Ground, Birmingham",1,34.2,34.2,Warwickshire,Sussex,WMH Rhodes,RM Yates,HT Crocombe,6,0,,,,,,,,,,,,,
1297992,2022,2022-08-12,"Mitchells and Butlers' Ground, Birmingham",1,34.3,34.3,Warwickshire,Sussex,WMH Rhodes,RM Yates,HT Crocombe,0,0,,,,,,,,,,,,,
1297992,2022,2022-08-12,"Mitchells and Butlers' Ground, Birmingham",1,34.4,34.4,Warwickshire,Sussex,WMH Rhodes,RM Yates,HT Crocombe,0,0,,,,,,,caught,WMH Rhodes,,,,,
1297992,2022,2022-08-12,"Mitchells and Butlers' Ground, Birmingham",1,34.5,34.5,Warwickshire,Sussex,MGK Burgess,RM Yates,HT Crocombe,0,0,,,,,,,,,,,,,
1297992,2022,2022-08-12,"Mitchells and Butlers' Ground, Birmingham",1,34.6,34.6,Warwickshire,Sussex,MGK Burgess,RM Yates,HT Crocombe,1,0,,,,,,,,,,,,,
1297992,2022,2022-08-12,"Mitchells and Butlers' Ground, Birmingham",1,35.1,35.1,Warwickshire,Sussex,MGK Burgess,RM Yates,DMW Rawlins,2,0,,,,,,,,,,,,,
1297992,2022,2022-08-12,"Mitchells and Butlers' Ground, Birmingham",1,35.2,35.2,Warwickshire,Sussex,MGK Burgess,RM Yates,DMW Rawlins,0,0,,,,,,,,,,,,,
1297992,2022,2022-08-12,"Mitchells and Butlers' Ground, Birmingham",1,35.3,35.3,Warwickshire,Sussex,MGK Burgess,RM Yates,DMW Rawlins,0,0,,,,,,,,,,,,,
1297992,2022,2022-08-12,"Mitchells and Butlers' Ground, Birmingham",1,35.4,35.4,Warwickshire,Sussex,MGK Burgess,RM Yates,DMW Rawlins,1,0,,,,,,,,,,,,,
1297992,2022,2022-08-12,"Mitchells and Butlers' Ground, Birmingham",1,35.5,35.5,Warwickshire,Sussex,RM Yates,MGK Burgess,DMW Rawlins,1,0,,,,,,,,,,,,,
1297992,2022,2022-08-12,"Mitchells and Butlers' Ground, Birmingham",1,35.6,35.6,Warwickshire,Sussex,MGK Burgess,RM Yates,DMW Rawlins,0,0,,,,,,,,,,,,,
1297992,2022,2022-08-12,"Mitchells and Butlers' Ground, Birmingham",1,36.1,36.1,Warwickshire,Sussex,RM Yates,MGK Burgess,HT Crocombe,1,0,,,,,,,,,,,,,
1297992,2022,2022-08-12,"Mitchells and Butlers' Ground, Birmingham",1,36.2,36.2,Warwickshire,Sussex,MGK Burgess,RM Yates,HT Crocombe,1,0,,,,,,,,,,,,,
1297992,2022,2022-08-12,"Mitchells and Butlers' Ground, Birmingham",1,36.3,36.3,Warwickshire,Sussex,RM Yates,MGK Burgess,HT Crocombe,0,0,,,,,,,,,,,,,
1297992,2022,2022-08-12,"Mitchells and Butlers' Ground, Birmingham",1,36.4,36.4,Warwickshire,Sussex,RM Yates,MGK Burgess,HT Crocombe,0,0,,,,,,,,,,,,,
1297992,2022,2022-08-12,"Mitchells and Butlers' Ground, Birmingham",1,36.5,36.5,Warwickshire,Sussex,RM Yates,MGK Burgess,HT Crocombe,0,0,,,,,,,,,,,,,
1297992,2022,2022-08-12,"Mitchells and Butlers' Ground, Birmingham",1,36.6,36.6,Warwickshire,Sussex,RM Yates,MGK Burgess,HT Crocombe,1,0,,,,,,,,,,,,,
1297992,2022,2022-08-12,"Mitchells and Butlers' Ground, Birmingham",1,37.1,37.1,Warwickshire,Sussex,RM Yates,MGK Burgess,AC Lenham,2,0,,,,,,,,,,,,,
1297992,2022,2022-08-12,"Mitchells and Butlers' Ground, Birmingham",1,37.2,37.2,Warwickshire,Sussex,RM Yates,MGK Burgess,AC Lenham,0,0,,,,,,,,,,,,,
1297992,2022,2022-08-12,"Mitchells and Butlers' Ground, Birmingham",1,37.3,37.3,Warwickshire,Sussex,RM Yates,MGK Burgess,AC Lenham,4,0,,,,,,,,,,,,,
1297992,2022,2022-08-12,"Mitchells and Butlers' Ground, Birmingham",1,37.4,37.4,Warwickshire,Sussex,RM Yates,MGK Burgess,AC Lenham,1,0,,,,,,,,,,,,,
1297992,2022,2022-08-12,"Mitchells and Butlers' Ground, Birmingham",1,37.5,37.5,Warwickshire,Sussex,MGK Burgess,RM Yates,AC Lenham,0,0,,,,,,,,,,,,,
1297992,2022,2022-08-12,"Mitchells and Butlers' Ground, Birmingham",1,37.6,37.6,Warwickshire,Sussex,MGK Burgess,RM Yates,AC Lenham,0,0,,,,,,,,,,,,,
1297992,2022,2022-08-12,"Mitchells and Butlers' Ground, Birmingham",1,38.1,38.1,Warwickshire,Sussex,RM Yates,MGK Burgess,HT Crocombe,1,0,,,,,,,,,,,,,
1297992,2022,2022-08-12,"Mitchells and Butlers' Ground, Birmingham",1,38.2,38.2,Warwickshire,Sussex,MGK Burgess,RM Yates,HT Crocombe,1,0,,,,,,,,,,,,,
1297992,2022,2022-08-12,"Mitchells and Butlers' Ground, Birmingham",1,38.3,38.3,Warwickshire,Sussex,RM Yates,MGK Burgess,HT Crocombe,0,1,1,,,,,,,,,,,,
1297992,2022,2022-08-12,"Mitchells and Butlers' Ground, Birmingham",1,38.4,38.3,Warwickshire,Sussex,RM Yates,MGK Burgess,HT Crocombe,4,0,,,,,,,,,,,,,
1297992,2022,2022-08-12,"Mitchells and Butlers' Ground, Birmingham",1,38.5,38.4,Warwickshire,Sussex,RM Yates,MGK Burgess,HT Crocombe,6,0,,,,,,,,,,,,,
1297992,2022,2022-08-12,"Mitchells and Butlers' Ground, Birmingham",1,38.6,38.5,Warwickshire,Sussex,RM Yates,MGK Burgess,HT Crocombe,1,0,,,,,,,,,,,,,
1297992,2022,2022-08-12,"Mitchells and Butlers' Ground, Birmingham",1,38.7,38.6,Warwickshire,Sussex,MGK Burgess,RM Yates,HT Crocombe,0,2,,2,,,,,,,,,,,
1297992,2022,2022-08-12,"Mitchells and Butlers' Ground, Birmingham",1,38.8,38.6,Warwickshire,Sussex,MGK Burgess,RM Yates,HT Crocombe,4,0,,,,,,,,,,,,,
1297992,2022,2022-08-12,"Mitchells and Butlers' Ground, Birmingham",1,39.1,39.1,Warwickshire,Sussex,RM Yates,MGK Burgess,BJ Currie,0,0,,,,,,,caught,RM Yates,,,TP Alsop,,
1297992,2022,2022-08-12,"Mitchells and Butlers' Ground, Birmingham",1,39.2,39.2,Warwickshire,Sussex,KH Pandya,MGK Burgess,BJ Currie,0,0,,,,,,,,,,,,,
1297992,2022,2022-08-12,"Mitchells and Butlers' Ground, Birmingham",1,39.3,39.3,Warwickshire,Sussex,KH Pandya,MGK Burgess,BJ Currie,0,0,,,,,,,caught,KH Pandya,,,TP Alsop,,
1297992,2022,2022-08-12,"Mitchells and Butlers' Ground, Birmingham",1,39.4,39.4,Warwickshire,Sussex,MJ Lamb,MGK Burgess,BJ Currie,0,0,,,,,,,,,,,,,
1297992,2022,2022-08-12,"Mitchells and Butlers' Ground, Birmingham",1,39.5,39.5,Warwickshire,Sussex,MJ Lamb,MGK Burgess,BJ Currie,1,0,,,,,,,,,,,,,
1297992,2022,2022-08-12,"Mitchells and Butlers' Ground, Birmingham",1,39.6,39.6,Warwickshire,Sussex,MGK Burgess,MJ Lamb,BJ Currie,0,0,,,,,,,,,,,,,
1297992,2022,2022-08-12,"Mitchells and Butlers' Ground, Birmingham",1,40.1,40.1,Warwickshire,Sussex,MJ Lamb,MGK Burgess,AC Lenham,0,2,,,2,,,,,,,,,,
1297992,2022,2022-08-12,"Mitchells and Butlers' Ground, Birmingham",1,40.2,40.2,Warwickshire,Sussex,MJ Lamb,MGK Burgess,AC Lenham,1,0,,,,,,,,,,,,,
1297992,2022,2022-08-12,"Mitchells and Butlers' Ground, Birmingham",1,40.3,40.3,Warwickshire,Sussex,MGK Burgess,MJ Lamb,AC Lenham,1,0,,,,,,,,,,,,,
1297992,2022,2022-08-12,"Mitchells and Butlers' Ground, Birmingham",1,40.4,40.4,Warwickshire,Sussex,MJ Lamb,MGK Burgess,AC Lenham,1,0,,,,,,,,,,,,,
1297992,2022,2022-08-12,"Mitchells and Butlers' Ground, Birmingham",1,40.5,40.5,Warwickshire,Sussex,MGK Burgess,MJ Lamb,AC Lenham,2,0,,,,,,,,,,,,,
1297992,2022,2022-08-12,"Mitchells and Butlers' Ground, Birmingham",1,40.6,40.6,Warwickshire,Sussex,MGK Burgess,MJ Lamb,AC Lenham,1,0,,,,,,,,,,,,,
1297992,2022,2022-08-12,"Mitchells and Butlers' Ground, Birmingham",1,41.1,41.1,Warwickshire,Sussex,MGK Burgess,MJ Lamb,BJ Currie,1,0,,,,,,,,,,,,,
1297992,2022,2022-08-12,"Mitchells and Butlers' Ground, Birmingham",1,41.2,41.2,Warwickshire,Sussex,MJ Lamb,MGK Burgess,BJ Currie,1,0,,,,,,,,,,,,,
1297992,2022,2022-08-12,"Mitchells and Butlers' Ground, Birmingham",1,41.3,41.3,Warwickshire,Sussex,MGK Burgess,MJ Lamb,BJ Currie,0,0,,,,,,,,,,,,,
1297992,2022,2022-08-12,"Mitchells and Butlers' Ground, Birmingham",1,41.4,41.4,Warwickshire,Sussex,MGK Burgess,MJ Lamb,BJ Currie,1,0,,,,,,,,,,,,,
1297992,2022,2022-08-12,"Mitchells and Butlers' Ground, Birmingham",1,41.5,41.5,Warwickshire,Sussex,MJ Lamb,MGK Burgess,BJ Currie,1,0,,,,,,,,,,,,,
1297992,2022,2022-08-12,"Mitchells and Butlers' Ground, Birmingham",1,41.6,41.6,Warwickshire,Sussex,MGK Burgess,MJ Lamb,BJ Currie,4,2,,2,,,,,,,,,,,
1297992,2022,2022-08-12,"Mitchells and Butlers' Ground, Birmingham",1,41.7,41.6,Warwickshire,Sussex,MGK Burgess,MJ Lamb,BJ Currie,1,0,,,,,,,,,,,,,
1297992,2022,2022-08-12,"Mitchells and Butlers' Ground, Birmingham",1,42.1,42.1,Warwickshire,Sussex,MGK Burgess,MJ Lamb,AC Lenham,0,0,,,,,,,,,,,,,
1297992,2022,2022-08-12,"Mitchells and Butlers' Ground, Birmingham",1,42.2,42.2,Warwickshire,Sussex,MGK Burgess,MJ Lamb,AC Lenham,2,0,,,,,,,,,,,,,
1297992,2022,2022-08-12,"Mitchells and Butlers' Ground, Birmingham",1,42.3,42.3,Warwickshire,Sussex,MGK Burgess,MJ Lamb,AC Lenham,2,0,,,,,,,,,,,,,
1297992,2022,2022-08-12,"Mitchells and Butlers' Ground, Birmingham",1,42.4,42.4,Warwickshire,Sussex,MGK Burgess,MJ Lamb,AC Lenham,0,0,,,,,,,,,,,,,
1297992,2022,2022-08-12,"Mitchells and Butlers' Ground, Birmingham",1,42.5,42.5,Warwickshire,Sussex,MGK Burgess,MJ Lamb,AC Lenham,0,0,,,,,,,,,,,,,
1297992,2022,2022-08-12,"Mitchells and Butlers' Ground, Birmingham",1,42.6,42.6,Warwickshire,Sussex,MGK Burgess,MJ Lamb,AC Lenham,0,0,,,,,,,,,,,,,
1297992,2022,2022-08-12,"Mitchells and Butlers' Ground, Birmingham",1,43.1,43.1,Warwickshire,Sussex,MJ Lamb,MGK Burgess,BJ Currie,1,0,,,,,,,,,,,,,
1297992,2022,2022-08-12,"Mitchells and Butlers' Ground, Birmingham",1,43.2,43.2,Warwickshire,Sussex,MGK Burgess,MJ Lamb,BJ Currie,2,0,,,,,,,,,,,,,
1297992,2022,2022-08-12,"Mitchells and Butlers' Ground, Birmingham",1,43.3,43.3,Warwickshire,Sussex,MGK Burgess,MJ Lamb,BJ Currie,1,0,,,,,,,,,,,,,
1297992,2022,2022-08-12,"Mitchells and Butlers' Ground, Birmingham",1,43.4,43.4,Warwickshire,Sussex,MJ Lamb,MGK Burgess,BJ Currie,1,0,,,,,,,,,,,,,
1297992,2022,2022-08-12,"Mitchells and Butlers' Ground, Birmingham",1,43.5,43.5,Warwickshire,Sussex,MGK Burgess,MJ Lamb,BJ Currie,4,2,,2,,,,,,,,,,,
1297992,2022,2022-08-12,"Mitchells and Butlers' Ground, Birmingham",1,43.6,43.5,Warwickshire,Sussex,MGK Burgess,MJ Lamb,BJ Currie,0,0,,,,,,,,,,,,,
1297992,2022,2022-08-12,"Mitchells and Butlers' Ground, Birmingham",1,43.7,43.6,Warwickshire,Sussex,MGK Burgess,MJ Lamb,BJ Currie,0,0,,,,,,,,,,,,,
1297992,2022,2022-08-12,"Mitchells and Butlers' Ground, Birmingham",1,44.1,44.1,Warwickshire,Sussex,MJ Lamb,MGK Burgess,AC Lenham,1,0,,,,,,,,,,,,,
1297992,2022,2022-08-12,"Mitchells and Butlers' Ground, Birmingham",1,44.2,44.2,Warwickshire,Sussex,MGK Burgess,MJ Lamb,AC Lenham,0,0,,,,,,,,,,,,,
1297992,2022,2022-08-12,"Mitchells and Butlers' Ground, Birmingham",1,44.3,44.3,Warwickshire,Sussex,MGK Burgess,MJ Lamb,AC Lenham,1,0,,,,,,,,,,,,,
1297992,2022,2022-08-12,"Mitchells and Butlers' Ground, Birmingham",1,44.4,44.4,Warwickshire,Sussex,MJ Lamb,MGK Burgess,AC Lenham,1,0,,,,,,,,,,,,,
1297992,2022,2022-08-12,"Mitchells and Butlers' Ground, Birmingham",1,44.5,44.5,Warwickshire,Sussex,MGK Burgess,MJ Lamb,AC Lenham,1,0,,,,,,,,,,,,,
1297992,2022,2022-08-12,"Mitchells and Butlers' Ground, Birmingham",1,44.6,44.6,Warwickshire,Sussex,MJ Lamb,MGK Burgess,AC Lenham,1,0,,,,,,,,,,,,,
1297992,2022,2022-08-12,"Mitchells and Butlers' Ground, Birmingham",1,45.1,45.1,Warwickshire,Sussex,MJ Lamb,MGK Burgess,BJ Currie,1,0,,,,,,,,,,,,,
1297992,2022,2022-08-12,"Mitchells and Butlers' Ground, Birmingham",1,45.2,45.2,Warwickshire,Sussex,MGK Burgess,MJ Lamb,BJ Currie,1,0,,,,,,,,,,,,,
1297992,2022,2022-08-12,"Mitchells and Butlers' Ground, Birmingham",1,45.3,45.3,Warwickshire,Sussex,MJ Lamb,MGK Burgess,BJ Currie,1,0,,,,,,,,,,,,,
1297992,2022,2022-08-12,"Mitchells and Butlers' Ground, Birmingham",1,45.4,45.4,Warwickshire,Sussex,MGK Burgess,MJ Lamb,BJ Currie,0,0,,,,,,,,,,,,,
1297992,2022,2022-08-12,"Mitchells and Butlers' Ground, Birmingham",1,45.5,45.5,Warwickshire,Sussex,MGK Burgess,MJ Lamb,BJ Currie,1,0,,,,,,,,,,,,,
1297992,2022,2022-08-12,"Mitchells and Butlers' Ground, Birmingham",1,45.6,45.6,Warwickshire,Sussex,MJ Lamb,MGK Burgess,BJ Currie,0,0,,,,,,,,,,,,,
1297992,2022,2022-08-12,"Mitchells and Butlers' Ground, Birmingham",1,46.1,46.1,Warwickshire,Sussex,MGK Burgess,MJ Lamb,AC Lenham,6,0,,,,,,,,,,,,,
1297992,2022,2022-08-12,"Mitchells and Butlers' Ground, Birmingham",1,46.2,46.2,Warwickshire,Sussex,MGK Burgess,MJ Lamb,AC Lenham,6,0,,,,,,,,,,,,,
1297992,2022,2022-08-12,"Mitchells and Butlers' Ground, Birmingham",1,46.3,46.3,Warwickshire,Sussex,MGK Burgess,MJ Lamb,AC Lenham,0,0,,,,,,,,,,,,,
1297992,2022,2022-08-12,"Mitchells and Butlers' Ground, Birmingham",1,46.4,46.4,Warwickshire,Sussex,MGK Burgess,MJ Lamb,AC Lenham,0,0,,,,,,,,,,,,,
1297992,2022,2022-08-12,"Mitchells and Butlers' Ground, Birmingham",1,46.5,46.5,Warwickshire,Sussex,MGK Burgess,MJ Lamb,AC Lenham,1,0,,,,,,,,,,,,,
1297992,2022,2022-08-12,"Mitchells and Butlers' Ground, Birmingham",1,46.6,46.6,Warwickshire,Sussex,MJ Lamb,MGK Burgess,AC Lenham,0,0,,,,,,,,,,,,,
1297992,2022,2022-08-12,"Mitchells and Butlers' Ground, Birmingham",1,47.1,47.1,Warwickshire,Sussex,MGK Burgess,MJ Lamb,BJ Currie,1,0,,,,,,,,,,,,,
1297992,2022,2022-08-12,"Mitchells and Butlers' Ground, Birmingham",1,47.2,47.2,Warwickshire,Sussex,MJ Lamb,MGK Burgess,BJ Currie,1,0,,,,,,,,,,,,,
1297992,2022,2022-08-12,"Mitchells and Butlers' Ground, Birmingham",1,47.3,47.3,Warwickshire,Sussex,MGK Burgess,MJ Lamb,BJ Currie,0,0,,,,,,,,,,,,,
1297992,2022,2022-08-12,"Mitchells and Butlers' Ground, Birmingham",1,47.4,47.4,Warwickshire,Sussex,MGK Burgess,MJ Lamb,BJ Currie,1,0,,,,,,,,,,,,,
1297992,2022,2022-08-12,"Mitchells and Butlers' Ground, Birmingham",1,47.5,47.5,Warwickshire,Sussex,MJ Lamb,MGK Burgess,BJ Currie,1,0,,,,,,,,,,,,,
1297992,2022,2022-08-12,"Mitchells and Butlers' Ground, Birmingham",1,47.6,47.6,Warwickshire,Sussex,MGK Burgess,MJ Lamb,BJ Currie,0,1,,,,1,,,,,,,,,
1297992,2022,2022-08-12,"Mitchells and Butlers' Ground, Birmingham",1,48.1,48.1,Warwickshire,Sussex,MGK Burgess,MJ Lamb,A Karvelas,6,0,,,,,,,,,,,,,
1297992,2022,2022-08-12,"Mitchells and Butlers' Ground, Birmingham",1,48.2,48.2,Warwickshire,Sussex,MGK Burgess,MJ Lamb,A Karvelas,1,0,,,,,,,,,,,,,
1297992,2022,2022-08-12,"Mitchells and Butlers' Ground, Birmingham",1,48.3,48.3,Warwickshire,Sussex,MJ Lamb,MGK Burgess,A Karvelas,1,0,,,,,,,,,,,,,
1297992,2022,2022-08-12,"Mitchells and Butlers' Ground, Birmingham",1,48.4,48.4,Warwickshire,Sussex,MGK Burgess,MJ Lamb,A Karvelas,0,0,,,,,,,caught,MGK Burgess,,,BJ Currie,,
1297992,2022,2022-08-12,"Mitchells and Butlers' Ground, Birmingham",1,48.5,48.5,Warwickshire,Sussex,EA Brookes,MJ Lamb,A Karvelas,2,0,,,,,,,,,,,,,
1297992,2022,2022-08-12,"Mitchells and Butlers' Ground, Birmingham",1,48.6,48.6,Warwickshire,Sussex,EA Brookes,MJ Lamb,A Karvelas,0,0,,,,,,,caught,EA Brookes,,,D Ibrahim,,
1297992,2022,2022-08-12,"Mitchells and Butlers' Ground, Birmingham",1,49.1,49.1,Warwickshire,Sussex,MJ Lamb,K Smith,HT Crocombe,1,0,,,,,,,,,,,,,
1297992,2022,2022-08-12,"Mitchells and Butlers' Ground, Birmingham",1,49.2,49.2,Warwickshire,Sussex,K Smith,MJ Lamb,HT Crocombe,0,0,,,,,,,,,,,,,
1297992,2022,2022-08-12,"Mitchells and Butlers' Ground, Birmingham",1,49.3,49.3,Warwickshire,Sussex,K Smith,MJ Lamb,HT Crocombe,1,0,,,,,,,,,,,,,
1297992,2022,2022-08-12,"Mitchells and Butlers' Ground, Birmingham",1,49.4,49.4,Warwickshire,Sussex,MJ Lamb,K Smith,HT Crocombe,1,0,,,,,,,,,,,,,
1297992,2022,2022-08-12,"Mitchells and Butlers' Ground, Birmingham",1,49.5,49.5,Warwickshire,Sussex,K Smith,MJ Lamb,HT Crocombe,0,0,,,,,,,,,,,,,
1297992,2022,2022-08-12,"Mitchells and Butlers' Ground, Birmingham",1,49.6,49.6,Warwickshire,Sussex,K Smith,MJ Lamb,HT Crocombe,0,0,,,,,,,,,,,,,
1297992,2022,2022-08-12,"Mitchells and Butlers' Ground, Birmingham",2,0.1,0.1,Sussex,Warwickshire,HD Ward,AGH Orr,RM Yates,0,0,,,,,,,,,,,,,
1297992,2022,2022-08-12,"Mitchells and Butlers' Ground, Birmingham",2,0.2,0.2,Sussex,Warwickshire,HD Ward,AGH Orr,RM Yates,0,0,,,,,,,,,,,,,
1297992,2022,2022-08-12,"Mitchells and Butlers' Ground, Birmingham",2,0.3,0.3,Sussex,Warwickshire,HD Ward,AGH Orr,RM Yates,0,1,1,,,,,,,,,,,,
1297992,2022,2022-08-12,"Mitchells and Butlers' Ground, Birmingham",2,0.4,0.3,Sussex,Warwickshire,HD Ward,AGH Orr,RM Yates,1,0,,,,,,,,,,,,,
1297992,2022,2022-08-12,"Mitchells and Butlers' Ground, Birmingham",2,0.5,0.4,Sussex,Warwickshire,AGH Orr,HD Ward,RM Yates,1,0,,,,,,,,,,,,,
1297992,2022,2022-08-12,"Mitchells and Butlers' Ground, Birmingham",2,0.6,0.5,Sussex,Warwickshire,HD Ward,AGH Orr,RM Yates,0,0,,,,,,,,,,,,,
1297992,2022,2022-08-12,"Mitchells and Butlers' Ground, Birmingham",2,0.7,0.6,Sussex,Warwickshire,HD Ward,AGH Orr,RM Yates,0,0,,,,,,,,,,,,,
1297992,2022,2022-08-12,"Mitchells and Butlers' Ground, Birmingham",2,1.1,1.1,Sussex,Warwickshire,AGH Orr,HD Ward,OJ Hannon-Dalby,0,0,,,,,,,,,,,,,
1297992,2022,2022-08-12,"Mitchells and Butlers' Ground, Birmingham",2,1.2,1.2,Sussex,Warwickshire,AGH Orr,HD Ward,OJ Hannon-Dalby,0,0,,,,,,,,,,,,,
1297992,2022,2022-08-12,"Mitchells and Butlers' Ground, Birmingham",2,1.3,1.3,Sussex,Warwickshire,AGH Orr,HD Ward,OJ Hannon-Dalby,0,0,,,,,,,,,,,,,
1297992,2022,2022-08-12,"Mitchells and Butlers' Ground, Birmingham",2,1.4,1.4,Sussex,Warwickshire,AGH Orr,HD Ward,OJ Hannon-Dalby,0,0,,,,,,,,,,,,,
1297992,2022,2022-08-12,"Mitchells and Butlers' Ground, Birmingham",2,1.5,1.5,Sussex,Warwickshire,AGH Orr,HD Ward,OJ Hannon-Dalby,1,0,,,,,,,,,,,,,
1297992,2022,2022-08-12,"Mitchells and Butlers' Ground, Birmingham",2,1.6,1.6,Sussex,Warwickshire,HD Ward,AGH Orr,OJ Hannon-Dalby,0,0,,,,,,,,,,,,,
1297992,2022,2022-08-12,"Mitchells and Butlers' Ground, Birmingham",2,2.1,2.1,Sussex,Warwickshire,AGH Orr,HD Ward,LC Norwell,0,0,,,,,,,,,,,,,
1297992,2022,2022-08-12,"Mitchells and Butlers' Ground, Birmingham",2,2.2,2.2,Sussex,Warwickshire,AGH Orr,HD Ward,LC Norwell,0,1,1,,,,,,,,,,,,
1297992,2022,2022-08-12,"Mitchells and Butlers' Ground, Birmingham",2,2.3,2.2,Sussex,Warwickshire,AGH Orr,HD Ward,LC Norwell,1,0,,,,,,,,,,,,,
1297992,2022,2022-08-12,"Mitchells and Butlers' Ground, Birmingham",2,2.4,2.3,Sussex,Warwickshire,HD Ward,AGH Orr,LC Norwell,0,0,,,,,,,,,,,,,
1297992,2022,2022-08-12,"Mitchells and Butlers' Ground, Birmingham",2,2.5,2.4,Sussex,Warwickshire,HD Ward,AGH Orr,LC Norwell,0,0,,,,,,,,,,,,,
1297992,2022,2022-08-12,"Mitchells and Butlers' Ground, Birmingham",2,2.6,2.5,Sussex,Warwickshire,HD Ward,AGH Orr,LC Norwell,0,0,,,,,,,,,,,,,
1297992,2022,2022-08-12,"Mitchells and Butlers' Ground, Birmingham",2,2.7,2.6,Sussex,Warwickshire,HD Ward,AGH Orr,LC Norwell,0,0,,,,,,,,,,,,,
1297992,2022,2022-08-12,"Mitchells and Butlers' Ground, Birmingham",2,3.1,3.1,Sussex,Warwickshire,AGH Orr,HD Ward,OJ Hannon-Dalby,0,0,,,,,,,,,,,,,
1297992,2022,2022-08-12,"Mitchells and Butlers' Ground, Birmingham",2,3.2,3.2,Sussex,Warwickshire,AGH Orr,HD Ward,OJ Hannon-Dalby,0,0,,,,,,,,,,,,,
1297992,2022,2022-08-12,"Mitchells and Butlers' Ground, Birmingham",2,3.3,3.3,Sussex,Warwickshire,AGH Orr,HD Ward,OJ Hannon-Dalby,4,0,,,,,,,,,,,,,
1297992,2022,2022-08-12,"Mitchells and Butlers' Ground, Birmingham",2,3.4,3.4,Sussex,Warwickshire,AGH Orr,HD Ward,OJ Hannon-Dalby,0,0,,,,,,,,,,,,,
1297992,2022,2022-08-12,"Mitchells and Butlers' Ground, Birmingham",2,3.5,3.5,Sussex,Warwickshire,AGH Orr,HD Ward,OJ Hannon-Dalby,0,0,,,,,,,,,,,,,
1297992,2022,2022-08-12,"Mitchells and Butlers' Ground, Birmingham",2,3.6,3.6,Sussex,Warwickshire,AGH Orr,HD Ward,OJ Hannon-Dalby,4,0,,,,,,,,,,,,,
1297992,2022,2022-08-12,"Mitchells and Butlers' Ground, Birmingham",2,4.1,4.1,Sussex,Warwickshire,HD Ward,AGH Orr,LC Norwell,4,0,,,,,,,,,,,,,
1297992,2022,2022-08-12,"Mitchells and Butlers' Ground, Birmingham",2,4.2,4.2,Sussex,Warwickshire,HD Ward,AGH Orr,LC Norwell,1,0,,,,,,,,,,,,,
1297992,2022,2022-08-12,"Mitchells and Butlers' Ground, Birmingham",2,4.3,4.3,Sussex,Warwickshire,AGH Orr,HD Ward,LC Norwell,0,0,,,,,,,,,,,,,
1297992,2022,2022-08-12,"Mitchells and Butlers' Ground, Birmingham",2,4.4,4.4,Sussex,Warwickshire,AGH Orr,HD Ward,LC Norwell,0,0,,,,,,,,,,,,,
1297992,2022,2022-08-12,"Mitchells and Butlers' Ground, Birmingham",2,4.5,4.5,Sussex,Warwickshire,AGH Orr,HD Ward,LC Norwell,0,0,,,,,,,,,,,,,
1297992,2022,2022-08-12,"Mitchells and Butlers' Ground, Birmingham",2,4.6,4.6,Sussex,Warwickshire,AGH Orr,HD Ward,LC Norwell,0,0,,,,,,,,,,,,,
1297992,2022,2022-08-12,"Mitchells and Butlers' Ground, Birmingham",2,5.1,5.1,Sussex,Warwickshire,HD Ward,AGH Orr,OJ Hannon-Dalby,0,0,,,,,,,,,,,,,
1297992,2022,2022-08-12,"Mitchells and Butlers' Ground, Birmingham",2,5.2,5.2,Sussex,Warwickshire,HD Ward,AGH Orr,OJ Hannon-Dalby,2,0,,,,,,,,,,,,,
1297992,2022,2022-08-12,"Mitchells and Butlers' Ground, Birmingham",2,5.3,5.3,Sussex,Warwickshire,HD Ward,AGH Orr,OJ Hannon-Dalby,4,0,,,,,,,,,,,,,
1297992,2022,2022-08-12,"Mitchells and Butlers' Ground, Birmingham",2,5.4,5.4,Sussex,Warwickshire,HD Ward,AGH Orr,OJ Hannon-Dalby,0,0,,,,,,,,,,,,,
1297992,2022,2022-08-12,"Mitchells and Butlers' Ground, Birmingham",2,5.5,5.5,Sussex,Warwickshire,HD Ward,AGH Orr,OJ Hannon-Dalby,0,0,,,,,,,,,,,,,
1297992,2022,2022-08-12,"Mitchells and Butlers' Ground, Birmingham",2,5.6,5.6,Sussex,Warwickshire,HD Ward,AGH Orr,OJ Hannon-Dalby,1,0,,,,,,,,,,,,,
1297992,2022,2022-08-12,"Mitchells and Butlers' Ground, Birmingham",2,6.1,6.1,Sussex,Warwickshire,HD Ward,AGH Orr,LC Norwell,4,0,,,,,,,,,,,,,
1297992,2022,2022-08-12,"Mitchells and Butlers' Ground, Birmingham",2,6.2,6.2,Sussex,Warwickshire,HD Ward,AGH Orr,LC Norwell,0,0,,,,,,,,,,,,,
1297992,2022,2022-08-12,"Mitchells and Butlers' Ground, Birmingham",2,6.3,6.3,Sussex,Warwickshire,HD Ward,AGH Orr,LC Norwell,4,0,,,,,,,,,,,,,
1297992,2022,2022-08-12,"Mitchells and Butlers' Ground, Birmingham",2,6.4,6.4,Sussex,Warwickshire,HD Ward,AGH Orr,LC Norwell,0,0,,,,,,,,,,,,,
1297992,2022,2022-08-12,"Mitchells and Butlers' Ground, Birmingham",2,6.5,6.5,Sussex,Warwickshire,HD Ward,AGH Orr,LC Norwell,0,0,,,,,,,,,,,,,
1297992,2022,2022-08-12,"Mitchells and Butlers' Ground, Birmingham",2,6.6,6.6,Sussex,Warwickshire,HD Ward,AGH Orr,LC Norwell,1,0,,,,,,,,,,,,,
1297992,2022,2022-08-12,"Mitchells and Butlers' Ground, Birmingham",2,7.1,7.1,Sussex,Warwickshire,HD Ward,AGH Orr,OJ Hannon-Dalby,0,0,,,,,,,caught,HD Ward,,,MJ Lamb,,
1297992,2022,2022-08-12,"Mitchells and Butlers' Ground, Birmingham",2,7.2,7.2,Sussex,Warwickshire,TGR Clark,AGH Orr,OJ Hannon-Dalby,0,0,,,,,,,,,,,,,
1297992,2022,2022-08-12,"Mitchells and Butlers' Ground, Birmingham",2,7.3,7.3,Sussex,Warwickshire,TGR Clark,AGH Orr,OJ Hannon-Dalby,0,0,,,,,,,,,,,,,
1297992,2022,2022-08-12,"Mitchells and Butlers' Ground, Birmingham",2,7.4,7.4,Sussex,Warwickshire,TGR Clark,AGH Orr,OJ Hannon-Dalby,4,0,,,,,,,,,,,,,
1297992,2022,2022-08-12,"Mitchells and Butlers' Ground, Birmingham",2,7.5,7.5,Sussex,Warwickshire,TGR Clark,AGH Orr,OJ Hannon-Dalby,0,0,,,,,,,,,,,,,
1297992,2022,2022-08-12,"Mitchells and Butlers' Ground, Birmingham",2,7.6,7.6,Sussex,Warwickshire,TGR Clark,AGH Orr,OJ Hannon-Dalby,1,0,,,,,,,,,,,,,
1297992,2022,2022-08-12,"Mitchells and Butlers' Ground, Birmingham",2,8.1,8.1,Sussex,Warwickshire,TGR Clark,AGH Orr,LC Norwell,1,0,,,,,,,,,,,,,
1297992,2022,2022-08-12,"Mitchells and Butlers' Ground, Birmingham",2,8.2,8.2,Sussex,Warwickshire,AGH Orr,TGR Clark,LC Norwell,4,0,,,,,,,,,,,,,
1297992,2022,2022-08-12,"Mitchells and Butlers' Ground, Birmingham",2,8.3,8.3,Sussex,Warwickshire,AGH Orr,TGR Clark,LC Norwell,0,0,,,,,,,,,,,,,
1297992,2022,2022-08-12,"Mitchells and Butlers' Ground, Birmingham",2,8.4,8.4,Sussex,Warwickshire,AGH Orr,TGR Clark,LC Norwell,0,0,,,,,,,,,,,,,
1297992,2022,2022-08-12,"Mitchells and Butlers' Ground, Birmingham",2,8.5,8.5,Sussex,Warwickshire,AGH Orr,TGR Clark,LC Norwell,0,0,,,,,,,,,,,,,
1297992,2022,2022-08-12,"Mitchells and Butlers' Ground, Birmingham",2,8.6,8.6,Sussex,Warwickshire,AGH Orr,TGR Clark,LC Norwell,0,0,,,,,,,,,,,,,
1297992,2022,2022-08-12,"Mitchells and Butlers' Ground, Birmingham",2,9.1,9.1,Sussex,Warwickshire,TGR Clark,AGH Orr,GA Garrett,0,0,,,,,,,,,,,,,
1297992,2022,2022-08-12,"Mitchells and Butlers' Ground, Birmingham",2,9.2,9.2,Sussex,Warwickshire,TGR Clark,AGH Orr,GA Garrett,0,0,,,,,,,,,,,,,
1297992,2022,2022-08-12,"Mitchells and Butlers' Ground, Birmingham",2,9.3,9.3,Sussex,Warwickshire,TGR Clark,AGH Orr,GA Garrett,2,0,,,,,,,,,,,,,
1297992,2022,2022-08-12,"Mitchells and Butlers' Ground, Birmingham",2,9.4,9.4,Sussex,Warwickshire,TGR Clark,AGH Orr,GA Garrett,0,1,1,,,,,,,,,,,,
1297992,2022,2022-08-12,"Mitchells and Butlers' Ground, Birmingham",2,9.5,9.4,Sussex,Warwickshire,TGR Clark,AGH Orr,GA Garrett,0,0,,,,,,,,,,,,,
1297992,2022,2022-08-12,"Mitchells and Butlers' Ground, Birmingham",2,9.6,9.5,Sussex,Warwickshire,TGR Clark,AGH Orr,GA Garrett,0,1,1,,,,,,,,,,,,
1297992,2022,2022-08-12,"Mitchells and Butlers' Ground, Birmingham",2,9.7,9.5,Sussex,Warwickshire,TGR Clark,AGH Orr,GA Garrett,0,0,,,,,,,,,,,,,
1297992,2022,2022-08-12,"Mitchells and Butlers' Ground, Birmingham",2,9.8,9.6,Sussex,Warwickshire,TGR Clark,AGH Orr,GA Garrett,0,0,,,,,,,,,,,,,
1297992,2022,2022-08-12,"Mitchells and Butlers' Ground, Birmingham",2,10.1,10.1,Sussex,Warwickshire,AGH Orr,TGR Clark,RM Yates,0,0,,,,,,,,,,,,,
1297992,2022,2022-08-12,"Mitchells and Butlers' Ground, Birmingham",2,10.2,10.2,Sussex,Warwickshire,AGH Orr,TGR Clark,RM Yates,0,0,,,,,,,,,,,,,
1297992,2022,2022-08-12,"Mitchells and Butlers' Ground, Birmingham",2,10.3,10.3,Sussex,Warwickshire,AGH Orr,TGR Clark,RM Yates,1,0,,,,,,,,,,,,,
1297992,2022,2022-08-12,"Mitchells and Butlers' Ground, Birmingham",2,10.4,10.4,Sussex,Warwickshire,TGR Clark,AGH Orr,RM Yates,1,0,,,,,,,,,,,,,
1297992,2022,2022-08-12,"Mitchells and Butlers' Ground, Birmingham",2,10.5,10.5,Sussex,Warwickshire,AGH Orr,TGR Clark,RM Yates,0,0,,,,,,,,,,,,,
1297992,2022,2022-08-12,"Mitchells and Butlers' Ground, Birmingham",2,10.6,10.6,Sussex,Warwickshire,AGH Orr,TGR Clark,RM Yates,0,0,,,,,,,,,,,,,
1297992,2022,2022-08-12,"Mitchells and Butlers' Ground, Birmingham",2,11.1,11.1,Sussex,Warwickshire,TGR Clark,AGH Orr,GA Garrett,1,0,,,,,,,,,,,,,
1297992,2022,2022-08-12,"Mitchells and Butlers' Ground, Birmingham",2,11.2,11.2,Sussex,Warwickshire,AGH Orr,TGR Clark,GA Garrett,0,0,,,,,,,,,,,,,
1297992,2022,2022-08-12,"Mitchells and Butlers' Ground, Birmingham",2,11.3,11.3,Sussex,Warwickshire,AGH Orr,TGR Clark,GA Garrett,4,0,,,,,,,,,,,,,
1297992,2022,2022-08-12,"Mitchells and Butlers' Ground, Birmingham",2,11.4,11.4,Sussex,Warwickshire,AGH Orr,TGR Clark,GA Garrett,0,0,,,,,,,,,,,,,
1297992,2022,2022-08-12,"Mitchells and Butlers' Ground, Birmingham",2,11.5,11.5,Sussex,Warwickshire,AGH Orr,TGR Clark,GA Garrett,1,0,,,,,,,,,,,,,
1297992,2022,2022-08-12,"Mitchells and Butlers' Ground, Birmingham",2,11.6,11.6,Sussex,Warwickshire,TGR Clark,AGH Orr,GA Garrett,0,1,1,,,,,,,,,,,,
1297992,2022,2022-08-12,"Mitchells and Butlers' Ground, Birmingham",2,11.7,11.6,Sussex,Warwickshire,TGR Clark,AGH Orr,GA Garrett,4,0,,,,,,,,,,,,,
1297992,2022,2022-08-12,"Mitchells and Butlers' Ground, Birmingham",2,12.1,12.1,Sussex,Warwickshire,AGH Orr,TGR Clark,RM Yates,0,0,,,,,,,,,,,,,
1297992,2022,2022-08-12,"Mitchells and Butlers' Ground, Birmingham",2,12.2,12.2,Sussex,Warwickshire,AGH Orr,TGR Clark,RM Yates,1,0,,,,,,,,,,,,,
1297992,2022,2022-08-12,"Mitchells and Butlers' Ground, Birmingham",2,12.3,12.3,Sussex,Warwickshire,TGR Clark,AGH Orr,RM Yates,0,0,,,,,,,,,,,,,
1297992,2022,2022-08-12,"Mitchells and Butlers' Ground, Birmingham",2,12.4,12.4,Sussex,Warwickshire,TGR Clark,AGH Orr,RM Yates,2,0,,,,,,,,,,,,,
1297992,2022,2022-08-12,"Mitchells and Butlers' Ground, Birmingham",2,12.5,12.5,Sussex,Warwickshire,TGR Clark,AGH Orr,RM Yates,0,0,,,,,,,,,,,,,
1297992,2022,2022-08-12,"Mitchells and Butlers' Ground, Birmingham",2,12.6,12.6,Sussex,Warwickshire,TGR Clark,AGH Orr,RM Yates,1,0,,,,,,,,,,,,,
1297992,2022,2022-08-12,"Mitchells and Butlers' Ground, Birmingham",2,13.1,13.1,Sussex,Warwickshire,TGR Clark,AGH Orr,GA Garrett,0,0,,,,,,,,,,,,,
1297992,2022,2022-08-12,"Mitchells and Butlers' Ground, Birmingham",2,13.2,13.2,Sussex,Warwickshire,TGR Clark,AGH Orr,GA Garrett,1,0,,,,,,,,,,,,,
1297992,2022,2022-08-12,"Mitchells and Butlers' Ground, Birmingham",2,13.3,13.3,Sussex,Warwickshire,AGH Orr,TGR Clark,GA Garrett,1,0,,,,,,,,,,,,,
1297992,2022,2022-08-12,"Mitchells and Butlers' Ground, Birmingham",2,13.4,13.4,Sussex,Warwickshire,TGR Clark,AGH Orr,GA Garrett,1,0,,,,,,,,,,,,,
1297992,2022,2022-08-12,"Mitchells and Butlers' Ground, Birmingham",2,13.5,13.5,Sussex,Warwickshire,AGH Orr,TGR Clark,GA Garrett,1,0,,,,,,,,,,,,,
1297992,2022,2022-08-12,"Mitchells and Butlers' Ground, Birmingham",2,13.6,13.6,Sussex,Warwickshire,TGR Clark,AGH Orr,GA Garrett,1,0,,,,,,,,,,,,,
1297992,2022,2022-08-12,"Mitchells and Butlers' Ground, Birmingham",2,14.1,14.1,Sussex,Warwickshire,TGR Clark,AGH Orr,RM Yates,1,0,,,,,,,,,,,,,
1297992,2022,2022-08-12,"Mitchells and Butlers' Ground, Birmingham",2,14.2,14.2,Sussex,Warwickshire,AGH Orr,TGR Clark,RM Yates,1,0,,,,,,,,,,,,,
1297992,2022,2022-08-12,"Mitchells and Butlers' Ground, Birmingham",2,14.3,14.3,Sussex,Warwickshire,TGR Clark,AGH Orr,RM Yates,0,0,,,,,,,,,,,,,
1297992,2022,2022-08-12,"Mitchells and Butlers' Ground, Birmingham",2,14.4,14.4,Sussex,Warwickshire,TGR Clark,AGH Orr,RM Yates,1,0,,,,,,,,,,,,,
1297992,2022,2022-08-12,"Mitchells and Butlers' Ground, Birmingham",2,14.5,14.5,Sussex,Warwickshire,AGH Orr,TGR Clark,RM Yates,1,0,,,,,,,,,,,,,
1297992,2022,2022-08-12,"Mitchells and Butlers' Ground, Birmingham",2,14.6,14.6,Sussex,Warwickshire,TGR Clark,AGH Orr,RM Yates,1,0,,,,,,,,,,,,,
1297992,2022,2022-08-12,"Mitchells and Butlers' Ground, Birmingham",2,15.1,15.1,Sussex,Warwickshire,TGR Clark,AGH Orr,WMH Rhodes,1,0,,,,,,,,,,,,,
1297992,2022,2022-08-12,"Mitchells and Butlers' Ground, Birmingham",2,15.2,15.2,Sussex,Warwickshire,AGH Orr,TGR Clark,WMH Rhodes,0,1,,,,1,,,,,,,,,
1297992,2022,2022-08-12,"Mitchells and Butlers' Ground, Birmingham",2,15.3,15.3,Sussex,Warwickshire,TGR Clark,AGH Orr,WMH Rhodes,0,1,1,,,,,,,,,,,,
1297992,2022,2022-08-12,"Mitchells and Butlers' Ground, Birmingham",2,15.4,15.3,Sussex,Warwickshire,TGR Clark,AGH Orr,WMH Rhodes,1,0,,,,,,,,,,,,,
1297992,2022,2022-08-12,"Mitchells and Butlers' Ground, Birmingham",2,15.5,15.4,Sussex,Warwickshire,AGH Orr,TGR Clark,WMH Rhodes,0,0,,,,,,,,,,,,,
1297992,2022,2022-08-12,"Mitchells and Butlers' Ground, Birmingham",2,15.6,15.5,Sussex,Warwickshire,AGH Orr,TGR Clark,WMH Rhodes,0,0,,,,,,,,,,,,,
1297992,2022,2022-08-12,"Mitchells and Butlers' Ground, Birmingham",2,15.7,15.6,Sussex,Warwickshire,AGH Orr,TGR Clark,WMH Rhodes,1,0,,,,,,,,,,,,,
1297992,2022,2022-08-12,"Mitchells and Butlers' Ground, Birmingham",2,16.1,16.1,Sussex,Warwickshire,AGH Orr,TGR Clark,RM Yates,0,0,,,,,,,,,,,,,
1297992,2022,2022-08-12,"Mitchells and Butlers' Ground, Birmingham",2,16.2,16.2,Sussex,Warwickshire,AGH Orr,TGR Clark,RM Yates,1,0,,,,,,,,,,,,,
1297992,2022,2022-08-12,"Mitchells and Butlers' Ground, Birmingham",2,16.3,16.3,Sussex,Warwickshire,TGR Clark,AGH Orr,RM Yates,0,0,,,,,,,,,,,,,
1297992,2022,2022-08-12,"Mitchells and Butlers' Ground, Birmingham",2,16.4,16.4,Sussex,Warwickshire,TGR Clark,AGH Orr,RM Yates,0,0,,,,,,,,,,,,,
1297992,2022,2022-08-12,"Mitchells and Butlers' Ground, Birmingham",2,16.5,16.5,Sussex,Warwickshire,TGR Clark,AGH Orr,RM Yates,0,0,,,,,,,,,,,,,
1297992,2022,2022-08-12,"Mitchells and Butlers' Ground, Birmingham",2,16.6,16.6,Sussex,Warwickshire,TGR Clark,AGH Orr,RM Yates,0,0,,,,,,,,,,,,,
1297992,2022,2022-08-12,"Mitchells and Butlers' Ground, Birmingham",2,17.1,17.1,Sussex,Warwickshire,AGH Orr,TGR Clark,KH Pandya,0,0,,,,,,,,,,,,,
1297992,2022,2022-08-12,"Mitchells and Butlers' Ground, Birmingham",2,17.2,17.2,Sussex,Warwickshire,AGH Orr,TGR Clark,KH Pandya,0,0,,,,,,,,,,,,,
1297992,2022,2022-08-12,"Mitchells and Butlers' Ground, Birmingham",2,17.3,17.3,Sussex,Warwickshire,AGH Orr,TGR Clark,KH Pandya,0,0,,,,,,,,,,,,,
1297992,2022,2022-08-12,"Mitchells and Butlers' Ground, Birmingham",2,17.4,17.4,Sussex,Warwickshire,AGH Orr,TGR Clark,KH Pandya,6,0,,,,,,,,,,,,,
1297992,2022,2022-08-12,"Mitchells and Butlers' Ground, Birmingham",2,17.5,17.5,Sussex,Warwickshire,AGH Orr,TGR Clark,KH Pandya,0,0,,,,,,,,,,,,,
1297992,2022,2022-08-12,"Mitchells and Butlers' Ground, Birmingham",2,17.6,17.6,Sussex,Warwickshire,AGH Orr,TGR Clark,KH Pandya,0,0,,,,,,,,,,,,,
1297992,2022,2022-08-12,"Mitchells and Butlers' Ground, Birmingham",2,18.1,18.1,Sussex,Warwickshire,TGR Clark,AGH Orr,RM Yates,1,0,,,,,,,,,,,,,
1297992,2022,2022-08-12,"Mitchells and Butlers' Ground, Birmingham",2,18.2,18.2,Sussex,Warwickshire,AGH Orr,TGR Clark,RM Yates,1,0,,,,,,,,,,,,,
1297992,2022,2022-08-12,"Mitchells and Butlers' Ground, Birmingham",2,18.3,18.3,Sussex,Warwickshire,TGR Clark,AGH Orr,RM Yates,0,5,5,,,,,,,,,,,,
1297992,2022,2022-08-12,"Mitchells and Butlers' Ground, Birmingham",2,18.4,18.3,Sussex,Warwickshire,TGR Clark,AGH Orr,RM Yates,0,0,,,,,,,,,,,,,
1297992,2022,2022-08-12,"Mitchells and Butlers' Ground, Birmingham",2,18.5,18.4,Sussex,Warwickshire,TGR Clark,AGH Orr,RM Yates,0,0,,,,,,,,,,,,,
1297992,2022,2022-08-12,"Mitchells and Butlers' Ground, Birmingham",2,18.6,18.5,Sussex,Warwickshire,TGR Clark,AGH Orr,RM Yates,1,0,,,,,,,,,,,,,
1297992,2022,2022-08-12,"Mitchells and Butlers' Ground, Birmingham",2,18.7,18.6,Sussex,Warwickshire,AGH Orr,TGR Clark,RM Yates,1,0,,,,,,,,,,,,,
1297992,2022,2022-08-12,"Mitchells and Butlers' Ground, Birmingham",2,19.1,19.1,Sussex,Warwickshire,AGH Orr,TGR Clark,KH Pandya,0,0,,,,,,,,,,,,,
1297992,2022,2022-08-12,"Mitchells and Butlers' Ground, Birmingham",2,19.2,19.2,Sussex,Warwickshire,AGH Orr,TGR Clark,KH Pandya,1,0,,,,,,,,,,,,,
1297992,2022,2022-08-12,"Mitchells and Butlers' Ground, Birmingham",2,19.3,19.3,Sussex,Warwickshire,TGR Clark,AGH Orr,KH Pandya,0,0,,,,,,,,,,,,,
1297992,2022,2022-08-12,"Mitchells and Butlers' Ground, Birmingham",2,19.4,19.4,Sussex,Warwickshire,TGR Clark,AGH Orr,KH Pandya,1,0,,,,,,,,,,,,,
1297992,2022,2022-08-12,"Mitchells and Butlers' Ground, Birmingham",2,19.5,19.5,Sussex,Warwickshire,AGH Orr,TGR Clark,KH Pandya,4,0,,,,,,,,,,,,,
1297992,2022,2022-08-12,"Mitchells and Butlers' Ground, Birmingham",2,19.6,19.6,Sussex,Warwickshire,AGH Orr,TGR Clark,KH Pandya,0,0,,,,,,,,,,,,,
1297992,2022,2022-08-12,"Mitchells and Butlers' Ground, Birmingham",2,20.1,20.1,Sussex,Warwickshire,TGR Clark,AGH Orr,RM Yates,0,0,,,,,,,,,,,,,
1297992,2022,2022-08-12,"Mitchells and Butlers' Ground, Birmingham",2,20.2,20.2,Sussex,Warwickshire,TGR Clark,AGH Orr,RM Yates,1,0,,,,,,,,,,,,,
1297992,2022,2022-08-12,"Mitchells and Butlers' Ground, Birmingham",2,20.3,20.3,Sussex,Warwickshire,AGH Orr,TGR Clark,RM Yates,0,0,,,,,,,,,,,,,
1297992,2022,2022-08-12,"Mitchells and Butlers' Ground, Birmingham",2,20.4,20.4,Sussex,Warwickshire,AGH Orr,TGR Clark,RM Yates,1,0,,,,,,,,,,,,,
1297992,2022,2022-08-12,"Mitchells and Butlers' Ground, Birmingham",2,20.5,20.5,Sussex,Warwickshire,TGR Clark,AGH Orr,RM Yates,1,0,,,,,,,,,,,,,
1297992,2022,2022-08-12,"Mitchells and Butlers' Ground, Birmingham",2,20.6,20.6,Sussex,Warwickshire,AGH Orr,TGR Clark,RM Yates,1,0,,,,,,,,,,,,,
1297992,2022,2022-08-12,"Mitchells and Butlers' Ground, Birmingham",2,21.1,21.1,Sussex,Warwickshire,AGH Orr,TGR Clark,KH Pandya,2,0,,,,,,,,,,,,,
1297992,2022,2022-08-12,"Mitchells and Butlers' Ground, Birmingham",2,21.2,21.2,Sussex,Warwickshire,AGH Orr,TGR Clark,KH Pandya,2,0,,,,,,,,,,,,,
1297992,2022,2022-08-12,"Mitchells and Butlers' Ground, Birmingham",2,21.3,21.3,Sussex,Warwickshire,AGH Orr,TGR Clark,KH Pandya,1,0,,,,,,,,,,,,,
1297992,2022,2022-08-12,"Mitchells and Butlers' Ground, Birmingham",2,21.4,21.4,Sussex,Warwickshire,TGR Clark,AGH Orr,KH Pandya,0,0,,,,,,,caught,TGR Clark,,,RM Yates,,
1297992,2022,2022-08-12,"Mitchells and Butlers' Ground, Birmingham",2,21.5,21.5,Sussex,Warwickshire,CA Pujara,AGH Orr,KH Pandya,1,0,,,,,,,,,,,,,
1297992,2022,2022-08-12,"Mitchells and Butlers' Ground, Birmingham",2,21.6,21.6,Sussex,Warwickshire,AGH Orr,CA Pujara,KH Pandya,0,0,,,,,,,,,,,,,
1297992,2022,2022-08-12,"Mitchells and Butlers' Ground, Birmingham",2,22.1,22.1,Sussex,Warwickshire,CA Pujara,AGH Orr,OJ Hannon-Dalby,4,0,,,,,,,,,,,,,
1297992,2022,2022-08-12,"Mitchells and Butlers' Ground, Birmingham",2,22.2,22.2,Sussex,Warwickshire,CA Pujara,AGH Orr,OJ Hannon-Dalby,1,0,,,,,,,,,,,,,
1297992,2022,2022-08-12,"Mitchells and Butlers' Ground, Birmingham",2,22.3,22.3,Sussex,Warwickshire,AGH Orr,CA Pujara,OJ Hannon-Dalby,0,0,,,,,,,,,,,,,
1297992,2022,2022-08-12,"Mitchells and Butlers' Ground, Birmingham",2,22.4,22.4,Sussex,Warwickshire,AGH Orr,CA Pujara,OJ Hannon-Dalby,0,0,,,,,,,,,,,,,
1297992,2022,2022-08-12,"Mitchells and Butlers' Ground, Birmingham",2,22.5,22.5,Sussex,Warwickshire,AGH Orr,CA Pujara,OJ Hannon-Dalby,1,0,,,,,,,,,,,,,
1297992,2022,2022-08-12,"Mitchells and Butlers' Ground, Birmingham",2,22.6,22.6,Sussex,Warwickshire,CA Pujara,AGH Orr,OJ Hannon-Dalby,0,0,,,,,,,,,,,,,
1297992,2022,2022-08-12,"Mitchells and Butlers' Ground, Birmingham",2,23.1,23.1,Sussex,Warwickshire,AGH Orr,CA Pujara,KH Pandya,1,0,,,,,,,,,,,,,
1297992,2022,2022-08-12,"Mitchells and Butlers' Ground, Birmingham",2,23.2,23.2,Sussex,Warwickshire,CA Pujara,AGH Orr,KH Pandya,0,0,,,,,,,,,,,,,
1297992,2022,2022-08-12,"Mitchells and Butlers' Ground, Birmingham",2,23.3,23.3,Sussex,Warwickshire,CA Pujara,AGH Orr,KH Pandya,0,0,,,,,,,,,,,,,
1297992,2022,2022-08-12,"Mitchells and Butlers' Ground, Birmingham",2,23.4,23.4,Sussex,Warwickshire,CA Pujara,AGH Orr,KH Pandya,0,0,,,,,,,,,,,,,
1297992,2022,2022-08-12,"Mitchells and Butlers' Ground, Birmingham",2,23.5,23.5,Sussex,Warwickshire,CA Pujara,AGH Orr,KH Pandya,0,2,2,,,,,,,,,,,,
1297992,2022,2022-08-12,"Mitchells and Butlers' Ground, Birmingham",2,23.6,23.5,Sussex,Warwickshire,AGH Orr,CA Pujara,KH Pandya,0,0,,,,,,,,,,,,,
1297992,2022,2022-08-12,"Mitchells and Butlers' Ground, Birmingham",2,23.7,23.6,Sussex,Warwickshire,AGH Orr,CA Pujara,KH Pandya,6,0,,,,,,,,,,,,,
1297992,2022,2022-08-12,"Mitchells and Butlers' Ground, Birmingham",2,24.1,24.1,Sussex,Warwickshire,CA Pujara,AGH Orr,OJ Hannon-Dalby,0,0,,,,,,,,,,,,,
1297992,2022,2022-08-12,"Mitchells and Butlers' Ground, Birmingham",2,24.2,24.2,Sussex,Warwickshire,CA Pujara,AGH Orr,OJ Hannon-Dalby,0,0,,,,,,,,,,,,,
1297992,2022,2022-08-12,"Mitchells and Butlers' Ground, Birmingham",2,24.3,24.3,Sussex,Warwickshire,CA Pujara,AGH Orr,OJ Hannon-Dalby,2,0,,,,,,,,,,,,,
1297992,2022,2022-08-12,"Mitchells and Butlers' Ground, Birmingham",2,24.4,24.4,Sussex,Warwickshire,CA Pujara,AGH Orr,OJ Hannon-Dalby,1,0,,,,,,,,,,,,,
1297992,2022,2022-08-12,"Mitchells and Butlers' Ground, Birmingham",2,24.5,24.5,Sussex,Warwickshire,AGH Orr,CA Pujara,OJ Hannon-Dalby,0,0,,,,,,,,,,,,,
1297992,2022,2022-08-12,"Mitchells and Butlers' Ground, Birmingham",2,24.6,24.6,Sussex,Warwickshire,AGH Orr,CA Pujara,OJ Hannon-Dalby,0,0,,,,,,,,,,,,,
1297992,2022,2022-08-12,"Mitchells and Butlers' Ground, Birmingham",2,25.1,25.1,Sussex,Warwickshire,CA Pujara,AGH Orr,KH Pandya,1,0,,,,,,,,,,,,,
1297992,2022,2022-08-12,"Mitchells and Butlers' Ground, Birmingham",2,25.2,25.2,Sussex,Warwickshire,AGH Orr,CA Pujara,KH Pandya,0,0,,,,,,,,,,,,,
1297992,2022,2022-08-12,"Mitchells and Butlers' Ground, Birmingham",2,25.3,25.3,Sussex,Warwickshire,AGH Orr,CA Pujara,KH Pandya,0,0,,,,,,,,,,,,,
1297992,2022,2022-08-12,"Mitchells and Butlers' Ground, Birmingham",2,25.4,25.4,Sussex,Warwickshire,AGH Orr,CA Pujara,KH Pandya,1,0,,,,,,,,,,,,,
1297992,2022,2022-08-12,"Mitchells and Butlers' Ground, Birmingham",2,25.5,25.5,Sussex,Warwickshire,CA Pujara,AGH Orr,KH Pandya,1,0,,,,,,,,,,,,,
1297992,2022,2022-08-12,"Mitchells and Butlers' Ground, Birmingham",2,25.6,25.6,Sussex,Warwickshire,AGH Orr,CA Pujara,KH Pandya,1,0,,,,,,,,,,,,,
1297992,2022,2022-08-12,"Mitchells and Butlers' Ground, Birmingham",2,26.1,26.1,Sussex,Warwickshire,AGH Orr,CA Pujara,OJ Hannon-Dalby,1,0,,,,,,,,,,,,,
1297992,2022,2022-08-12,"Mitchells and Butlers' Ground, Birmingham",2,26.2,26.2,Sussex,Warwickshire,CA Pujara,AGH Orr,OJ Hannon-Dalby,1,0,,,,,,,,,,,,,
1297992,2022,2022-08-12,"Mitchells and Butlers' Ground, Birmingham",2,26.3,26.3,Sussex,Warwickshire,AGH Orr,CA Pujara,OJ Hannon-Dalby,0,0,,,,,,,,,,,,,
1297992,2022,2022-08-12,"Mitchells and Butlers' Ground, Birmingham",2,26.4,26.4,Sussex,Warwickshire,AGH Orr,CA Pujara,OJ Hannon-Dalby,1,0,,,,,,,,,,,,,
1297992,2022,2022-08-12,"Mitchells and Butlers' Ground, Birmingham",2,26.5,26.5,Sussex,Warwickshire,CA Pujara,AGH Orr,OJ Hannon-Dalby,1,0,,,,,,,,,,,,,
1297992,2022,2022-08-12,"Mitchells and Butlers' Ground, Birmingham",2,26.6,26.6,Sussex,Warwickshire,AGH Orr,CA Pujara,OJ Hannon-Dalby,0,0,,,,,,,,,,,,,
1297992,2022,2022-08-12,"Mitchells and Butlers' Ground, Birmingham",2,27.1,27.1,Sussex,Warwickshire,CA Pujara,AGH Orr,WMH Rhodes,1,0,,,,,,,,,,,,,
1297992,2022,2022-08-12,"Mitchells and Butlers' Ground, Birmingham",2,27.2,27.2,Sussex,Warwickshire,AGH Orr,CA Pujara,WMH Rhodes,1,0,,,,,,,,,,,,,
1297992,2022,2022-08-12,"Mitchells and Butlers' Ground, Birmingham",2,27.3,27.3,Sussex,Warwickshire,CA Pujara,AGH Orr,WMH Rhodes,0,0,,,,,,,,,,,,,
1297992,2022,2022-08-12,"Mitchells and Butlers' Ground, Birmingham",2,27.4,27.4,Sussex,Warwickshire,CA Pujara,AGH Orr,WMH Rhodes,1,0,,,,,,,,,,,,,
1297992,2022,2022-08-12,"Mitchells and Butlers' Ground, Birmingham",2,27.5,27.5,Sussex,Warwickshire,AGH Orr,CA Pujara,WMH Rhodes,1,0,,,,,,,,,,,,,
1297992,2022,2022-08-12,"Mitchells and Butlers' Ground, Birmingham",2,27.6,27.6,Sussex,Warwickshire,CA Pujara,AGH Orr,WMH Rhodes,2,0,,,,,,,,,,,,,
1297992,2022,2022-08-12,"Mitchells and Butlers' Ground, Birmingham",2,28.1,28.1,Sussex,Warwickshire,AGH Orr,CA Pujara,LC Norwell,0,0,,,,,,,,,,,,,
1297992,2022,2022-08-12,"Mitchells and Butlers' Ground, Birmingham",2,28.2,28.2,Sussex,Warwickshire,AGH Orr,CA Pujara,LC Norwell,1,0,,,,,,,,,,,,,
1297992,2022,2022-08-12,"Mitchells and Butlers' Ground, Birmingham",2,28.3,28.3,Sussex,Warwickshire,CA Pujara,AGH Orr,LC Norwell,1,0,,,,,,,,,,,,,
1297992,2022,2022-08-12,"Mitchells and Butlers' Ground, Birmingham",2,28.4,28.4,Sussex,Warwickshire,AGH Orr,CA Pujara,LC Norwell,0,0,,,,,,,,,,,,,
1297992,2022,2022-08-12,"Mitchells and Butlers' Ground, Birmingham",2,28.5,28.5,Sussex,Warwickshire,AGH Orr,CA Pujara,LC Norwell,1,0,,,,,,,,,,,,,
1297992,2022,2022-08-12,"Mitchells and Butlers' Ground, Birmingham",2,28.6,28.6,Sussex,Warwickshire,CA Pujara,AGH Orr,LC Norwell,1,0,,,,,,,,,,,,,
1297992,2022,2022-08-12,"Mitchells and Butlers' Ground, Birmingham",2,29.1,29.1,Sussex,Warwickshire,CA Pujara,AGH Orr,WMH Rhodes,1,0,,,,,,,,,,,,,
1297992,2022,2022-08-12,"Mitchells and Butlers' Ground, Birmingham",2,29.2,29.2,Sussex,Warwickshire,AGH Orr,CA Pujara,WMH Rhodes,6,0,,,,,,,,,,,,,
1297992,2022,2022-08-12,"Mitchells and Butlers' Ground, Birmingham",2,29.3,29.3,Sussex,Warwickshire,AGH Orr,CA Pujara,WMH Rhodes,0,0,,,,,,,,,,,,,
1297992,2022,2022-08-12,"Mitchells and Butlers' Ground, Birmingham",2,29.4,29.4,Sussex,Warwickshire,AGH Orr,CA Pujara,WMH Rhodes,1,0,,,,,,,,,,,,,
1297992,2022,2022-08-12,"Mitchells and Butlers' Ground, Birmingham",2,29.5,29.5,Sussex,Warwickshire,CA Pujara,AGH Orr,WMH Rhodes,1,0,,,,,,,,,,,,,
1297992,2022,2022-08-12,"Mitchells and Butlers' Ground, Birmingham",2,29.6,29.6,Sussex,Warwickshire,AGH Orr,CA Pujara,WMH Rhodes,1,0,,,,,,,,,,,,,
1297992,2022,2022-08-12,"Mitchells and Butlers' Ground, Birmingham",2,30.1,30.1,Sussex,Warwickshire,AGH Orr,CA Pujara,LC Norwell,0,0,,,,,,,,,,,,,
1297992,2022,2022-08-12,"Mitchells and Butlers' Ground, Birmingham",2,30.2,30.2,Sussex,Warwickshire,AGH Orr,CA Pujara,LC Norwell,0,0,,,,,,,,,,,,,
1297992,2022,2022-08-12,"Mitchells and Butlers' Ground, Birmingham",2,30.3,30.3,Sussex,Warwickshire,AGH Orr,CA Pujara,LC Norwell,1,0,,,,,,,,,,,,,
1297992,2022,2022-08-12,"Mitchells and Butlers' Ground, Birmingham",2,30.4,30.4,Sussex,Warwickshire,CA Pujara,AGH Orr,LC Norwell,1,0,,,,,,,,,,,,,
1297992,2022,2022-08-12,"Mitchells and Butlers' Ground, Birmingham",2,30.5,30.5,Sussex,Warwickshire,AGH Orr,CA Pujara,LC Norwell,1,0,,,,,,,,,,,,,
1297992,2022,2022-08-12,"Mitchells and Butlers' Ground, Birmingham",2,30.6,30.6,Sussex,Warwickshire,CA Pujara,AGH Orr,LC Norwell,1,0,,,,,,,,,,,,,
1297992,2022,2022-08-12,"Mitchells and Butlers' Ground, Birmingham",2,31.1,31.1,Sussex,Warwickshire,CA Pujara,AGH Orr,KH Pandya,0,0,,,,,,,,,,,,,
1297992,2022,2022-08-12,"Mitchells and Butlers' Ground, Birmingham",2,31.2,31.2,Sussex,Warwickshire,CA Pujara,AGH Orr,KH Pandya,1,0,,,,,,,,,,,,,
1297992,2022,2022-08-12,"Mitchells and Butlers' Ground, Birmingham",2,31.3,31.3,Sussex,Warwickshire,AGH Orr,CA Pujara,KH Pandya,1,0,,,,,,,,,,,,,
1297992,2022,2022-08-12,"Mitchells and Butlers' Ground, Birmingham",2,31.4,31.4,Sussex,Warwickshire,CA Pujara,AGH Orr,KH Pandya,1,0,,,,,,,,,,,,,
1297992,2022,2022-08-12,"Mitchells and Butlers' Ground, Birmingham",2,31.5,31.5,Sussex,Warwickshire,AGH Orr,CA Pujara,KH Pandya,1,0,,,,,,,,,,,,,
1297992,2022,2022-08-12,"Mitchells and Butlers' Ground, Birmingham",2,31.6,31.6,Sussex,Warwickshire,CA Pujara,AGH Orr,KH Pandya,0,0,,,,,,,,,,,,,
1297992,2022,2022-08-12,"Mitchells and Butlers' Ground, Birmingham",2,32.1,32.1,Sussex,Warwickshire,AGH Orr,CA Pujara,LC Norwell,0,0,,,,,,,,,,,,,
1297992,2022,2022-08-12,"Mitchells and Butlers' Ground, Birmingham",2,32.2,32.2,Sussex,Warwickshire,AGH Orr,CA Pujara,LC Norwell,0,0,,,,,,,,,,,,,
1297992,2022,2022-08-12,"Mitchells and Butlers' Ground, Birmingham",2,32.3,32.3,Sussex,Warwickshire,AGH Orr,CA Pujara,LC Norwell,4,0,,,,,,,,,,,,,
1297992,2022,2022-08-12,"Mitchells and Butlers' Ground, Birmingham",2,32.4,32.4,Sussex,Warwickshire,AGH Orr,CA Pujara,LC Norwell,0,0,,,,,,,,,,,,,
1297992,2022,2022-08-12,"Mitchells and Butlers' Ground, Birmingham",2,32.5,32.5,Sussex,Warwickshire,AGH Orr,CA Pujara,LC Norwell,0,0,,,,,,,,,,,,,
1297992,2022,2022-08-12,"Mitchells and Butlers' Ground, Birmingham",2,32.6,32.6,Sussex,Warwickshire,AGH Orr,CA Pujara,LC Norwell,1,0,,,,,,,,,,,,,
1297992,2022,2022-08-12,"Mitchells and Butlers' Ground, Birmingham",2,33.1,33.1,Sussex,Warwickshire,AGH Orr,CA Pujara,KH Pandya,0,0,,,,,,,caught,AGH Orr,,,EA Brookes,,
1297992,2022,2022-08-12,"Mitchells and Butlers' Ground, Birmingham",2,33.2,33.2,Sussex,Warwickshire,TP Alsop,CA Pujara,KH Pandya,1,0,,,,,,,,,,,,,
1297992,2022,2022-08-12,"Mitchells and Butlers' Ground, Birmingham",2,33.3,33.3,Sussex,Warwickshire,CA Pujara,TP Alsop,KH Pandya,2,0,,,,,,,,,,,,,
1297992,2022,2022-08-12,"Mitchells and Butlers' Ground, Birmingham",2,33.4,33.4,Sussex,Warwickshire,CA Pujara,TP Alsop,KH Pandya,1,0,,,,,,,,,,,,,
1297992,2022,2022-08-12,"Mitchells and Butlers' Ground, Birmingham",2,33.5,33.5,Sussex,Warwickshire,TP Alsop,CA Pujara,KH Pandya,1,0,,,,,,,,,,,,,
1297992,2022,2022-08-12,"Mitchells and Butlers' Ground, Birmingham",2,33.6,33.6,Sussex,Warwickshire,CA Pujara,TP Alsop,KH Pandya,1,0,,,,,,,,,,,,,
1297992,2022,2022-08-12,"Mitchells and Butlers' Ground, Birmingham",2,34.1,34.1,Sussex,Warwickshire,CA Pujara,TP Alsop,GA Garrett,0,1,,,,1,,,,,,,,,
1297992,2022,2022-08-12,"Mitchells and Butlers' Ground, Birmingham",2,34.2,34.2,Sussex,Warwickshire,TP Alsop,CA Pujara,GA Garrett,0,0,,,,,,,,,,,,,
1297992,2022,2022-08-12,"Mitchells and Butlers' Ground, Birmingham",2,34.3,34.3,Sussex,Warwickshire,TP Alsop,CA Pujara,GA Garrett,0,0,,,,,,,,,,,,,
1297992,2022,2022-08-12,"Mitchells and Butlers' Ground, Birmingham",2,34.4,34.4,Sussex,Warwickshire,TP Alsop,CA Pujara,GA Garrett,0,0,,,,,,,,,,,,,
1297992,2022,2022-08-12,"Mitchells and Butlers' Ground, Birmingham",2,34.5,34.5,Sussex,Warwickshire,TP Alsop,CA Pujara,GA Garrett,1,0,,,,,,,,,,,,,
1297992,2022,2022-08-12,"Mitchells and Butlers' Ground, Birmingham",2,34.6,34.6,Sussex,Warwickshire,CA Pujara,TP Alsop,GA Garrett,3,0,,,,,,,,,,,,,
1297992,2022,2022-08-12,"Mitchells and Butlers' Ground, Birmingham",2,35.1,35.1,Sussex,Warwickshire,CA Pujara,TP Alsop,KH Pandya,1,0,,,,,,,,,,,,,
1297992,2022,2022-08-12,"Mitchells and Butlers' Ground, Birmingham",2,35.2,35.2,Sussex,Warwickshire,TP Alsop,CA Pujara,KH Pandya,0,0,,,,,,,,,,,,,
1297992,2022,2022-08-12,"Mitchells and Butlers' Ground, Birmingham",2,35.3,35.3,Sussex,Warwickshire,TP Alsop,CA Pujara,KH Pandya,0,0,,,,,,,,,,,,,
1297992,2022,2022-08-12,"Mitchells and Butlers' Ground, Birmingham",2,35.4,35.4,Sussex,Warwickshire,TP Alsop,CA Pujara,KH Pandya,1,0,,,,,,,,,,,,,
1297992,2022,2022-08-12,"Mitchells and Butlers' Ground, Birmingham",2,35.5,35.5,Sussex,Warwickshire,CA Pujara,TP Alsop,KH Pandya,1,0,,,,,,,,,,,,,
1297992,2022,2022-08-12,"Mitchells and Butlers' Ground, Birmingham",2,35.6,35.6,Sussex,Warwickshire,TP Alsop,CA Pujara,KH Pandya,1,0,,,,,,,,,,,,,
1297992,2022,2022-08-12,"Mitchells and Butlers' Ground, Birmingham",2,36.1,36.1,Sussex,Warwickshire,TP Alsop,CA Pujara,GA Garrett,0,0,,,,,,,,,,,,,
1297992,2022,2022-08-12,"Mitchells and Butlers' Ground, Birmingham",2,36.2,36.2,Sussex,Warwickshire,TP Alsop,CA Pujara,GA Garrett,0,0,,,,,,,,,,,,,
1297992,2022,2022-08-12,"Mitchells and Butlers' Ground, Birmingham",2,36.3,36.3,Sussex,Warwickshire,TP Alsop,CA Pujara,GA Garrett,2,0,,,,,,,,,,,,,
1297992,2022,2022-08-12,"Mitchells and Butlers' Ground, Birmingham",2,36.4,36.4,Sussex,Warwickshire,TP Alsop,CA Pujara,GA Garrett,0,0,,,,,,,caught,TP Alsop,,,MJ Lamb,,
1297992,2022,2022-08-12,"Mitchells and Butlers' Ground, Birmingham",2,36.5,36.5,Sussex,Warwickshire,DMW Rawlins,CA Pujara,GA Garrett,1,0,,,,,,,,,,,,,
1297992,2022,2022-08-12,"Mitchells and Butlers' Ground, Birmingham",2,36.6,36.6,Sussex,Warwickshire,CA Pujara,DMW Rawlins,GA Garrett,1,0,,,,,,,,,,,,,
1297992,2022,2022-08-12,"Mitchells and Butlers' Ground, Birmingham",2,37.1,37.1,Sussex,Warwickshire,CA Pujara,DMW Rawlins,LC Norwell,4,0,,,,,,,,,,,,,
1297992,2022,2022-08-12,"Mitchells and Butlers' Ground, Birmingham",2,37.2,37.2,Sussex,Warwickshire,CA Pujara,DMW Rawlins,LC Norwell,0,0,,,,,,,,,,,,,
1297992,2022,2022-08-12,"Mitchells and Butlers' Ground, Birmingham",2,37.3,37.3,Sussex,Warwickshire,CA Pujara,DMW Rawlins,LC Norwell,2,0,,,,,,,,,,,,,
1297992,2022,2022-08-12,"Mitchells and Butlers' Ground, Birmingham",2,37.4,37.4,Sussex,Warwickshire,CA Pujara,DMW Rawlins,LC Norwell,1,0,,,,,,,,,,,,,
1297992,2022,2022-08-12,"Mitchells and Butlers' Ground, Birmingham",2,37.5,37.5,Sussex,Warwickshire,DMW Rawlins,CA Pujara,LC Norwell,0,0,,,,,,,,,,,,,
1297992,2022,2022-08-12,"Mitchells and Butlers' Ground, Birmingham",2,37.6,37.6,Sussex,Warwickshire,DMW Rawlins,CA Pujara,LC Norwell,1,0,,,,,,,,,,,,,
1297992,2022,2022-08-12,"Mitchells and Butlers' Ground, Birmingham",2,38.1,38.1,Sussex,Warwickshire,DMW Rawlins,CA Pujara,OJ Hannon-Dalby,0,0,,,,,,,,,,,,,
1297992,2022,2022-08-12,"Mitchells and Butlers' Ground, Birmingham",2,38.2,38.2,Sussex,Warwickshire,DMW Rawlins,CA Pujara,OJ Hannon-Dalby,4,0,,,,,,,,,,,,,
1297992,2022,2022-08-12,"Mitchells and Butlers' Ground, Birmingham",2,38.3,38.3,Sussex,Warwickshire,DMW Rawlins,CA Pujara,OJ Hannon-Dalby,0,1,1,,,,,,,,,,,,
1297992,2022,2022-08-12,"Mitchells and Butlers' Ground, Birmingham",2,38.4,38.3,Sussex,Warwickshire,DMW Rawlins,CA Pujara,OJ Hannon-Dalby,1,0,,,,,,,,,,,,,
1297992,2022,2022-08-12,"Mitchells and Butlers' Ground, Birmingham",2,38.5,38.4,Sussex,Warwickshire,CA Pujara,DMW Rawlins,OJ Hannon-Dalby,0,0,,,,,,,,,,,,,
1297992,2022,2022-08-12,"Mitchells and Butlers' Ground, Birmingham",2,38.6,38.5,Sussex,Warwickshire,CA Pujara,DMW Rawlins,OJ Hannon-Dalby,1,0,,,,,,,,,,,,,
1297992,2022,2022-08-12,"Mitchells and Butlers' Ground, Birmingham",2,38.7,38.6,Sussex,Warwickshire,DMW Rawlins,CA Pujara,OJ Hannon-Dalby,0,0,,,,,,,,,,,,,
1297992,2022,2022-08-12,"Mitchells and Butlers' Ground, Birmingham",2,39.1,39.1,Sussex,Warwickshire,CA Pujara,DMW Rawlins,KH Pandya,1,0,,,,,,,,,,,,,
1297992,2022,2022-08-12,"Mitchells and Butlers' Ground, Birmingham",2,39.2,39.2,Sussex,Warwickshire,DMW Rawlins,CA Pujara,KH Pandya,1,0,,,,,,,,,,,,,
1297992,2022,2022-08-12,"Mitchells and Butlers' Ground, Birmingham",2,39.3,39.3,Sussex,Warwickshire,CA Pujara,DMW Rawlins,KH Pandya,0,0,,,,,,,,,,,,,
1297992,2022,2022-08-12,"Mitchells and Butlers' Ground, Birmingham",2,39.4,39.4,Sussex,Warwickshire,CA Pujara,DMW Rawlins,KH Pandya,0,0,,,,,,,,,,,,,
1297992,2022,2022-08-12,"Mitchells and Butlers' Ground, Birmingham",2,39.5,39.5,Sussex,Warwickshire,CA Pujara,DMW Rawlins,KH Pandya,0,0,,,,,,,,,,,,,
1297992,2022,2022-08-12,"Mitchells and Butlers' Ground, Birmingham",2,39.6,39.6,Sussex,Warwickshire,CA Pujara,DMW Rawlins,KH Pandya,1,0,,,,,,,,,,,,,
1297992,2022,2022-08-12,"Mitchells and Butlers' Ground, Birmingham",2,40.1,40.1,Sussex,Warwickshire,CA Pujara,DMW Rawlins,WMH Rhodes,1,0,,,,,,,,,,,,,
1297992,2022,2022-08-12,"Mitchells and Butlers' Ground, Birmingham",2,40.2,40.2,Sussex,Warwickshire,DMW Rawlins,CA Pujara,WMH Rhodes,1,0,,,,,,,,,,,,,
1297992,2022,2022-08-12,"Mitchells and Butlers' Ground, Birmingham",2,40.3,40.3,Sussex,Warwickshire,CA Pujara,DMW Rawlins,WMH Rhodes,2,0,,,,,,,,,,,,,
1297992,2022,2022-08-12,"Mitchells and Butlers' Ground, Birmingham",2,40.4,40.4,Sussex,Warwickshire,CA Pujara,DMW Rawlins,WMH Rhodes,6,0,,,,,,,,,,,,,
1297992,2022,2022-08-12,"Mitchells and Butlers' Ground, Birmingham",2,40.5,40.5,Sussex,Warwickshire,CA Pujara,DMW Rawlins,WMH Rhodes,1,0,,,,,,,,,,,,,
1297992,2022,2022-08-12,"Mitchells and Butlers' Ground, Birmingham",2,40.6,40.6,Sussex,Warwickshire,DMW Rawlins,CA Pujara,WMH Rhodes,1,0,,,,,,,,,,,,,
1297992,2022,2022-08-12,"Mitchells and Butlers' Ground, Birmingham",2,41.1,41.1,Sussex,Warwickshire,DMW Rawlins,CA Pujara,KH Pandya,0,0,,,,,,,,,,,,,
1297992,2022,2022-08-12,"Mitchells and Butlers' Ground, Birmingham",2,41.2,41.2,Sussex,Warwickshire,DMW Rawlins,CA Pujara,KH Pandya,1,0,,,,,,,,,,,,,
1297992,2022,2022-08-12,"Mitchells and Butlers' Ground, Birmingham",2,41.3,41.3,Sussex,Warwickshire,CA Pujara,DMW Rawlins,KH Pandya,1,0,,,,,,,,,,,,,
1297992,2022,2022-08-12,"Mitchells and Butlers' Ground, Birmingham",2,41.4,41.4,Sussex,Warwickshire,DMW Rawlins,CA Pujara,KH Pandya,0,0,,,,,,,caught,DMW Rawlins,,,EA Brookes,,
1297992,2022,2022-08-12,"Mitchells and Butlers' Ground, Birmingham",2,41.5,41.5,Sussex,Warwickshire,D Ibrahim,CA Pujara,KH Pandya,0,0,,,,,,,,,,,,,
1297992,2022,2022-08-12,"Mitchells and Butlers' Ground, Birmingham",2,41.6,41.6,Sussex,Warwickshire,D Ibrahim,CA Pujara,KH Pandya,1,0,,,,,,,,,,,,,
1297992,2022,2022-08-12,"Mitchells and Butlers' Ground, Birmingham",2,42.1,42.1,Sussex,Warwickshire,D Ibrahim,CA Pujara,LC Norwell,1,0,,,,,,,,,,,,,
1297992,2022,2022-08-12,"Mitchells and Butlers' Ground, Birmingham",2,42.2,42.2,Sussex,Warwickshire,CA Pujara,D Ibrahim,LC Norwell,4,0,,,,,,,,,,,,,
1297992,2022,2022-08-12,"Mitchells and Butlers' Ground, Birmingham",2,42.3,42.3,Sussex,Warwickshire,CA Pujara,D Ibrahim,LC Norwell,1,0,,,,,,,,,,,,,
1297992,2022,2022-08-12,"Mitchells and Butlers' Ground, Birmingham",2,42.4,42.4,Sussex,Warwickshire,D Ibrahim,CA Pujara,LC Norwell,2,0,,,,,,,,,,,,,
1297992,2022,2022-08-12,"Mitchells and Butlers' Ground, Birmingham",2,42.5,42.5,Sussex,Warwickshire,D Ibrahim,CA Pujara,LC Norwell,1,0,,,,,,,,,,,,,
1297992,2022,2022-08-12,"Mitchells and Butlers' Ground, Birmingham",2,42.6,42.6,Sussex,Warwickshire,CA Pujara,D Ibrahim,LC Norwell,1,0,,,,,,,,,,,,,
1297992,2022,2022-08-12,"Mitchells and Butlers' Ground, Birmingham",2,43.1,43.1,Sussex,Warwickshire,CA Pujara,D Ibrahim,GA Garrett,1,0,,,,,,,,,,,,,
1297992,2022,2022-08-12,"Mitchells and Butlers' Ground, Birmingham",2,43.2,43.2,Sussex,Warwickshire,D Ibrahim,CA Pujara,GA Garrett,0,0,,,,,,,caught,D Ibrahim,,,MJ Lamb,,
1297992,2022,2022-08-12,"Mitchells and Butlers' Ground, Birmingham",2,43.3,43.3,Sussex,Warwickshire,A Karvelas,CA Pujara,GA Garrett,1,0,,,,,,,,,,,,,
1297992,2022,2022-08-12,"Mitchells and Butlers' Ground, Birmingham",2,43.4,43.4,Sussex,Warwickshire,CA Pujara,A Karvelas,GA Garrett,2,0,,,,,,,,,,,,,
1297992,2022,2022-08-12,"Mitchells and Butlers' Ground, Birmingham",2,43.5,43.5,Sussex,Warwickshire,CA Pujara,A Karvelas,GA Garrett,1,0,,,,,,,,,,,,,
1297992,2022,2022-08-12,"Mitchells and Butlers' Ground, Birmingham",2,43.6,43.6,Sussex,Warwickshire,A Karvelas,CA Pujara,GA Garrett,2,0,,,,,,,,,,,,,
1297992,2022,2022-08-12,"Mitchells and Butlers' Ground, Birmingham",2,44.1,44.1,Sussex,Warwickshire,CA Pujara,A Karvelas,LC Norwell,4,0,,,,,,,,,,,,,
1297992,2022,2022-08-12,"Mitchells and Butlers' Ground, Birmingham",2,44.2,44.2,Sussex,Warwickshire,CA Pujara,A Karvelas,LC Norwell,2,0,,,,,,,,,,,,,
1297992,2022,2022-08-12,"Mitchells and Butlers' Ground, Birmingham",2,44.3,44.3,Sussex,Warwickshire,CA Pujara,A Karvelas,LC Norwell,4,0,,,,,,,,,,,,,
1297992,2022,2022-08-12,"Mitchells and Butlers' Ground, Birmingham",2,44.4,44.4,Sussex,Warwickshire,CA Pujara,A Karvelas,LC Norwell,2,0,,,,,,,,,,,,,
1297992,2022,2022-08-12,"Mitchells and Butlers' Ground, Birmingham",2,44.5,44.5,Sussex,Warwickshire,CA Pujara,A Karvelas,LC Norwell,6,0,,,,,,,,,,,,,
1297992,2022,2022-08-12,"Mitchells and Butlers' Ground, Birmingham",2,44.6,44.6,Sussex,Warwickshire,CA Pujara,A Karvelas,LC Norwell,4,0,,,,,,,,,,,,,
1297992,2022,2022-08-12,"Mitchells and Butlers' Ground, Birmingham",2,45.1,45.1,Sussex,Warwickshire,A Karvelas,CA Pujara,WMH Rhodes,1,0,,,,,,,,,,,,,
1297992,2022,2022-08-12,"Mitchells and Butlers' Ground, Birmingham",2,45.2,45.2,Sussex,Warwickshire,CA Pujara,A Karvelas,WMH Rhodes,4,0,,,,,,,,,,,,,
1297992,2022,2022-08-12,"Mitchells and Butlers' Ground, Birmingham",2,45.3,45.3,Sussex,Warwickshire,CA Pujara,A Karvelas,WMH Rhodes,2,0,,,,,,,,,,,,,
1297992,2022,2022-08-12,"Mitchells and Butlers' Ground, Birmingham",2,45.4,45.4,Sussex,Warwickshire,CA Pujara,A Karvelas,WMH Rhodes,1,0,,,,,,,,,,,,,
1297992,2022,2022-08-12,"Mitchells and Butlers' Ground, Birmingham",2,45.5,45.5,Sussex,Warwickshire,A Karvelas,CA Pujara,WMH Rhodes,1,0,,,,,,,,,,,,,
1297992,2022,2022-08-12,"Mitchells and Butlers' Ground, Birmingham",2,45.6,45.6,Sussex,Warwickshire,CA Pujara,A Karvelas,WMH Rhodes,1,0,,,,,,,,,,,,,
1297992,2022,2022-08-12,"Mitchells and Butlers' Ground, Birmingham",2,46.1,46.1,Sussex,Warwickshire,CA Pujara,A Karvelas,OJ Hannon-Dalby,1,0,,,,,,,,,,,,,
1297992,2022,2022-08-12,"Mitchells and Butlers' Ground, Birmingham",2,46.2,46.2,Sussex,Warwickshire,A Karvelas,CA Pujara,OJ Hannon-Dalby,1,0,,,,,,,,,,,,,
1297992,2022,2022-08-12,"Mitchells and Butlers' Ground, Birmingham",2,46.3,46.3,Sussex,Warwickshire,CA Pujara,A Karvelas,OJ Hannon-Dalby,1,0,,,,,,,,,,,,,
1297992,2022,2022-08-12,"Mitchells and Butlers' Ground, Birmingham",2,46.4,46.4,Sussex,Warwickshire,A Karvelas,CA Pujara,OJ Hannon-Dalby,1,0,,,,,,,,,,,,,
1297992,2022,2022-08-12,"Mitchells and Butlers' Ground, Birmingham",2,46.5,46.5,Sussex,Warwickshire,CA Pujara,A Karvelas,OJ Hannon-Dalby,1,0,,,,,,,,,,,,,
1297992,2022,2022-08-12,"Mitchells and Butlers' Ground, Birmingham",2,46.6,46.6,Sussex,Warwickshire,A Karvelas,CA Pujara,OJ Hannon-Dalby,2,0,,,,,,,,,,,,,
1297992,2022,2022-08-12,"Mitchells and Butlers' Ground, Birmingham",2,47.1,47.1,Sussex,Warwickshire,CA Pujara,A Karvelas,GA Garrett,2,0,,,,,,,,,,,,,
1297992,2022,2022-08-12,"Mitchells and Butlers' Ground, Birmingham",2,47.2,47.2,Sussex,Warwickshire,CA Pujara,A Karvelas,GA Garrett,2,0,,,,,,,,,,,,,
1297992,2022,2022-08-12,"Mitchells and Butlers' Ground, Birmingham",2,47.3,47.3,Sussex,Warwickshire,CA Pujara,A Karvelas,GA Garrett,1,0,,,,,,,,,,,,,
1297992,2022,2022-08-12,"Mitchells and Butlers' Ground, Birmingham",2,47.4,47.4,Sussex,Warwickshire,A Karvelas,CA Pujara,GA Garrett,1,2,,2,,,,,,,,,,,
1297992,2022,2022-08-12,"Mitchells and Butlers' Ground, Birmingham",2,47.5,47.4,Sussex,Warwickshire,CA Pujara,A Karvelas,GA Garrett,2,0,,,,,,,,,,,,,
1297992,2022,2022-08-12,"Mitchells and Butlers' Ground, Birmingham",2,47.6,47.5,Sussex,Warwickshire,CA Pujara,A Karvelas,GA Garrett,0,0,,,,,,,,,,,,,
1297992,2022,2022-08-12,"Mitchells and Butlers' Ground, Birmingham",2,47.7,47.6,Sussex,Warwickshire,CA Pujara,A Karvelas,GA Garrett,1,0,,,,,,,,,,,,,
1297992,2022,2022-08-12,"Mitchells and Butlers' Ground, Birmingham",2,48.1,48.1,Sussex,Warwickshire,CA Pujara,A Karvelas,OJ Hannon-Dalby,0,0,,,,,,,bowled,CA Pujara,,,,,
1297992,2022,2022-08-12,"Mitchells and Butlers' Ground, Birmingham",2,48.2,48.2,Sussex,Warwickshire,AC Lenham,A Karvelas,OJ Hannon-Dalby,1,0,,,,,,,,,,,,,
1297992,2022,2022-08-12,"Mitchells and Butlers' Ground, Birmingham",2,48.3,48.3,Sussex,Warwickshire,A Karvelas,AC Lenham,OJ Hannon-Dalby,1,0,,,,,,,,,,,,,
1297992,2022,2022-08-12,"Mitchells and Butlers' Ground, Birmingham",2,48.4,48.4,Sussex,Warwickshire,AC Lenham,A Karvelas,OJ Hannon-Dalby,4,0,,,,,,,,,,,,,
1297992,2022,2022-08-12,"Mitchells and Butlers' Ground, Birmingham",2,48.5,48.5,Sussex,Warwickshire,AC Lenham,A Karvelas,OJ Hannon-Dalby,0,1,,,1,,,,,,,,,,
1297992,2022,2022-08-12,"Mitchells and Butlers' Ground, Birmingham",2,48.6,48.6,Sussex,Warwickshire,A Karvelas,AC Lenham,OJ Hannon-Dalby,1,0,,,,,,,,,,,,,
1297992,2022,2022-08-12,"Mitchells and Butlers' Ground, Birmingham",2,49.1,49.1,Sussex,Warwickshire,A Karvelas,AC Lenham,GA Garrett,0,1,,,,1,,,,,,,,,
1297992,2022,2022-08-12,"Mitchells and Butlers' Ground, Birmingham",2,49.2,49.2,Sussex,Warwickshire,AC Lenham,A Karvelas,GA Garrett,0,1,,,1,,,,,,,,,,
1297992,2022,2022-08-12,"Mitchells and Butlers' Ground, Birmingham",2,49.3,49.3,Sussex,Warwickshire,A Karvelas,AC Lenham,GA Garrett,1,0,,,,,,,,,,,,,
1297992,2022,2022-08-12,"Mitchells and Butlers' Ground, Birmingham",2,49.4,49.4,Sussex,Warwickshire,AC Lenham,A Karvelas,GA Garrett,0,1,,,1,,,,,,,,,,
1297992,2022,2022-08-12,"Mitchells and Butlers' Ground, Birmingham",2,49.5,49.5,Sussex,Warwickshire,A Karvelas,AC Lenham,GA Garrett,2,0,,,,,,,,,,,,,
1297992,2022,2022-08-12,"Mitchells and Butlers' Ground, Birmingham",2,49.6,49.6,Sussex,Warwickshire,A Karvelas,AC Lenham,GA Garrett,1,0,,,,,,,,,,,,,
