match_id,season,start_date,venue,innings,ball,actual_delivery,batting_team,bowling_team,striker,non_striker,bowler,runs_off_bat,extras,wides,noballs,byes,legbyes,penalty,non_boundary,wicket_type,player_dismissed,other_wicket_type,other_player_dismissed,fielder_1,fielder_2,fielder_3
804861,2015,2015-08-27,"County Ground, Chelmsford",1,0.1,0.1,Yorkshire,Essex,A Lyth,AZ Lees,RJW Topley,4,0,,,,,,,,,,,,,
804861,2015,2015-08-27,"County Ground, Chelmsford",1,0.2,0.2,Yorkshire,Essex,A Lyth,AZ Lees,RJW Topley,1,0,,,,,,,,,,,,,
804861,2015,2015-08-27,"County Ground, Chelmsford",1,0.3,0.3,Yorkshire,Essex,AZ Lees,A Lyth,RJW Topley,1,0,,,,,,,,,,,,,
804861,2015,2015-08-27,"County Ground, Chelmsford",1,0.4,0.4,Yorkshire,Essex,A Lyth,AZ Lees,RJW Topley,0,0,,,,,,,,,,,,,
804861,2015,2015-08-27,"County Ground, Chelmsford",1,0.5,0.5,Yorkshire,Essex,A Lyth,AZ Lees,RJW Topley,1,0,,,,,,,,,,,,,
804861,2015,2015-08-27,"County Ground, Chelmsford",1,0.6,0.6,Yorkshire,Essex,AZ Lees,A Lyth,RJW Topley,1,0,,,,,,,,,,,,,
804861,2015,2015-08-27,"County Ground, Chelmsford",1,1.1,1.1,Yorkshire,Essex,AZ Lees,A Lyth,DD Masters,0,0,,,,,,,,,,,,,
804861,2015,2015-08-27,"County Ground, Chelmsford",1,1.2,1.2,Yorkshire,Essex,AZ Lees,A Lyth,DD Masters,0,0,,,,,,,,,,,,,
804861,2015,2015-08-27,"County Ground, Chelmsford",1,1.3,1.3,Yorkshire,Essex,AZ Lees,A Lyth,DD Masters,0,0,,,,,,,,,,,,,
804861,2015,2015-08-27,"County Ground, Chelmsford",1,1.4,1.4,Yorkshire,Essex,AZ Lees,A Lyth,DD Masters,0,0,,,,,,,,,,,,,
804861,2015,2015-08-27,"County Ground, Chelmsford",1,1.5,1.5,Yorkshire,Essex,AZ Lees,A Lyth,DD Masters,3,0,,,,,,,,,,,,,
804861,2015,2015-08-27,"County Ground, Chelmsford",1,1.6,1.6,Yorkshire,Essex,A Lyth,AZ Lees,DD Masters,0,0,,,,,,,,,,,,,
804861,2015,2015-08-27,"County Ground, Chelmsford",1,2.1,2.1,Yorkshire,Essex,AZ Lees,A Lyth,RJW Topley,4,0,,,,,,,,,,,,,
804861,2015,2015-08-27,"County Ground, Chelmsford",1,2.2,2.2,Yorkshire,Essex,AZ Lees,A Lyth,RJW Topley,0,0,,,,,,,,,,,,,
804861,2015,2015-08-27,"County Ground, Chelmsford",1,2.3,2.3,Yorkshire,Essex,AZ Lees,A Lyth,RJW Topley,0,0,,,,,,,,,,,,,
804861,2015,2015-08-27,"County Ground, Chelmsford",1,2.4,2.4,Yorkshire,Essex,AZ Lees,A Lyth,RJW Topley,0,0,,,,,,,,,,,,,
804861,2015,2015-08-27,"County Ground, Chelmsford",1,2.5,2.5,Yorkshire,Essex,AZ Lees,A Lyth,RJW Topley,0,0,,,,,,,,,,,,,
804861,2015,2015-08-27,"County Ground, Chelmsford",1,2.6,2.6,Yorkshire,Essex,AZ Lees,A Lyth,RJW Topley,4,0,,,,,,,,,,,,,
804861,2015,2015-08-27,"County Ground, Chelmsford",1,3.1,3.1,Yorkshire,Essex,A Lyth,AZ Lees,DD Masters,0,0,,,,,,,,,,,,,
804861,2015,2015-08-27,"County Ground, Chelmsford",1,3.2,3.2,Yorkshire,Essex,A Lyth,AZ Lees,DD Masters,1,0,,,,,,,,,,,,,
804861,2015,2015-08-27,"County Ground, Chelmsford",1,3.3,3.3,Yorkshire,Essex,AZ Lees,A Lyth,DD Masters,1,0,,,,,,,,,,,,,
804861,2015,2015-08-27,"County Ground, Chelmsford",1,3.4,3.4,Yorkshire,Essex,A Lyth,AZ Lees,DD Masters,0,0,,,,,,,,,,,,,
804861,2015,2015-08-27,"County Ground, Chelmsford",1,3.5,3.5,Yorkshire,Essex,A Lyth,AZ Lees,DD Masters,0,0,,,,,,,,,,,,,
804861,2015,2015-08-27,"County Ground, Chelmsford",1,3.6,3.6,Yorkshire,Essex,A Lyth,AZ Lees,DD Masters,1,0,,,,,,,,,,,,,
804861,2015,2015-08-27,"County Ground, Chelmsford",1,4.1,4.1,Yorkshire,Essex,A Lyth,AZ Lees,RJW Topley,1,0,,,,,,,,,,,,,
804861,2015,2015-08-27,"County Ground, Chelmsford",1,4.2,4.2,Yorkshire,Essex,AZ Lees,A Lyth,RJW Topley,0,0,,,,,,,,,,,,,
804861,2015,2015-08-27,"County Ground, Chelmsford",1,4.3,4.3,Yorkshire,Essex,AZ Lees,A Lyth,RJW Topley,1,0,,,,,,,,,,,,,
804861,2015,2015-08-27,"County Ground, Chelmsford",1,4.4,4.4,Yorkshire,Essex,A Lyth,AZ Lees,RJW Topley,1,0,,,,,,,,,,,,,
804861,2015,2015-08-27,"County Ground, Chelmsford",1,4.5,4.5,Yorkshire,Essex,AZ Lees,A Lyth,RJW Topley,0,0,,,,,,,,,,,,,
804861,2015,2015-08-27,"County Ground, Chelmsford",1,4.6,4.6,Yorkshire,Essex,AZ Lees,A Lyth,RJW Topley,0,0,,,,,,,,,,,,,
804861,2015,2015-08-27,"County Ground, Chelmsford",1,5.1,5.1,Yorkshire,Essex,A Lyth,AZ Lees,DD Masters,0,0,,,,,,,,,,,,,
804861,2015,2015-08-27,"County Ground, Chelmsford",1,5.2,5.2,Yorkshire,Essex,A Lyth,AZ Lees,DD Masters,0,0,,,,,,,,,,,,,
804861,2015,2015-08-27,"County Ground, Chelmsford",1,5.3,5.3,Yorkshire,Essex,A Lyth,AZ Lees,DD Masters,4,0,,,,,,,,,,,,,
804861,2015,2015-08-27,"County Ground, Chelmsford",1,5.4,5.4,Yorkshire,Essex,A Lyth,AZ Lees,DD Masters,0,0,,,,,,,,,,,,,
804861,2015,2015-08-27,"County Ground, Chelmsford",1,5.5,5.5,Yorkshire,Essex,A Lyth,AZ Lees,DD Masters,0,0,,,,,,,,,,,,,
804861,2015,2015-08-27,"County Ground, Chelmsford",1,5.6,5.6,Yorkshire,Essex,A Lyth,AZ Lees,DD Masters,0,0,,,,,,,,,,,,,
804861,2015,2015-08-27,"County Ground, Chelmsford",1,6.1,6.1,Yorkshire,Essex,AZ Lees,A Lyth,RJW Topley,3,0,,,,,,,,,,,,,
804861,2015,2015-08-27,"County Ground, Chelmsford",1,6.2,6.2,Yorkshire,Essex,A Lyth,AZ Lees,RJW Topley,0,0,,,,,,,,,,,,,
804861,2015,2015-08-27,"County Ground, Chelmsford",1,6.3,6.3,Yorkshire,Essex,A Lyth,AZ Lees,RJW Topley,1,0,,,,,,,,,,,,,
804861,2015,2015-08-27,"County Ground, Chelmsford",1,6.4,6.4,Yorkshire,Essex,AZ Lees,A Lyth,RJW Topley,0,0,,,,,,,,,,,,,
804861,2015,2015-08-27,"County Ground, Chelmsford",1,6.5,6.5,Yorkshire,Essex,AZ Lees,A Lyth,RJW Topley,0,0,,,,,,,caught,AZ Lees,,,JS Foster,,
804861,2015,2015-08-27,"County Ground, Chelmsford",1,6.6,6.6,Yorkshire,Essex,JA Leaning,A Lyth,RJW Topley,0,0,,,,,,,,,,,,,
804861,2015,2015-08-27,"County Ground, Chelmsford",1,7.1,7.1,Yorkshire,Essex,A Lyth,JA Leaning,DD Masters,0,0,,,,,,,,,,,,,
804861,2015,2015-08-27,"County Ground, Chelmsford",1,7.2,7.2,Yorkshire,Essex,A Lyth,JA Leaning,DD Masters,1,0,,,,,,,,,,,,,
804861,2015,2015-08-27,"County Ground, Chelmsford",1,7.3,7.3,Yorkshire,Essex,JA Leaning,A Lyth,DD Masters,0,0,,,,,,,,,,,,,
804861,2015,2015-08-27,"County Ground, Chelmsford",1,7.4,7.4,Yorkshire,Essex,JA Leaning,A Lyth,DD Masters,0,0,,,,,,,,,,,,,
804861,2015,2015-08-27,"County Ground, Chelmsford",1,7.5,7.5,Yorkshire,Essex,JA Leaning,A Lyth,DD Masters,0,0,,,,,,,,,,,,,
804861,2015,2015-08-27,"County Ground, Chelmsford",1,7.6,7.6,Yorkshire,Essex,JA Leaning,A Lyth,DD Masters,2,0,,,,,,,,,,,,,
804861,2015,2015-08-27,"County Ground, Chelmsford",1,8.1,8.1,Yorkshire,Essex,A Lyth,JA Leaning,RJW Topley,1,0,,,,,,,,,,,,,
804861,2015,2015-08-27,"County Ground, Chelmsford",1,8.2,8.2,Yorkshire,Essex,JA Leaning,A Lyth,RJW Topley,1,0,,,,,,,,,,,,,
804861,2015,2015-08-27,"County Ground, Chelmsford",1,8.3,8.3,Yorkshire,Essex,A Lyth,JA Leaning,RJW Topley,2,0,,,,,,,,,,,,,
804861,2015,2015-08-27,"County Ground, Chelmsford",1,8.4,8.4,Yorkshire,Essex,A Lyth,JA Leaning,RJW Topley,2,0,,,,,,,,,,,,,
804861,2015,2015-08-27,"County Ground, Chelmsford",1,8.5,8.5,Yorkshire,Essex,A Lyth,JA Leaning,RJW Topley,0,0,,,,,,,,,,,,,
804861,2015,2015-08-27,"County Ground, Chelmsford",1,8.6,8.6,Yorkshire,Essex,A Lyth,JA Leaning,RJW Topley,0,0,,,,,,,,,,,,,
804861,2015,2015-08-27,"County Ground, Chelmsford",1,9.1,9.1,Yorkshire,Essex,JA Leaning,A Lyth,DD Masters,4,0,,,,,,,,,,,,,
804861,2015,2015-08-27,"County Ground, Chelmsford",1,9.2,9.2,Yorkshire,Essex,JA Leaning,A Lyth,DD Masters,1,0,,,,,,,,,,,,,
804861,2015,2015-08-27,"County Ground, Chelmsford",1,9.3,9.3,Yorkshire,Essex,A Lyth,JA Leaning,DD Masters,0,0,,,,,,,,,,,,,
804861,2015,2015-08-27,"County Ground, Chelmsford",1,9.4,9.4,Yorkshire,Essex,A Lyth,JA Leaning,DD Masters,0,0,,,,,,,,,,,,,
804861,2015,2015-08-27,"County Ground, Chelmsford",1,9.5,9.5,Yorkshire,Essex,A Lyth,JA Leaning,DD Masters,0,0,,,,,,,,,,,,,
804861,2015,2015-08-27,"County Ground, Chelmsford",1,9.6,9.6,Yorkshire,Essex,A Lyth,JA Leaning,DD Masters,1,0,,,,,,,,,,,,,
804861,2015,2015-08-27,"County Ground, Chelmsford",1,10.1,10.1,Yorkshire,Essex,A Lyth,JA Leaning,JA Porter,4,0,,,,,,,,,,,,,
804861,2015,2015-08-27,"County Ground, Chelmsford",1,10.2,10.2,Yorkshire,Essex,A Lyth,JA Leaning,JA Porter,4,0,,,,,,,,,,,,,
804861,2015,2015-08-27,"County Ground, Chelmsford",1,10.3,10.3,Yorkshire,Essex,A Lyth,JA Leaning,JA Porter,1,0,,,,,,,,,,,,,
804861,2015,2015-08-27,"County Ground, Chelmsford",1,10.4,10.4,Yorkshire,Essex,JA Leaning,A Lyth,JA Porter,0,0,,,,,,,,,,,,,
804861,2015,2015-08-27,"County Ground, Chelmsford",1,10.5,10.5,Yorkshire,Essex,JA Leaning,A Lyth,JA Porter,0,0,,,,,,,,,,,,,
804861,2015,2015-08-27,"County Ground, Chelmsford",1,10.6,10.6,Yorkshire,Essex,JA Leaning,A Lyth,JA Porter,0,0,,,,,,,,,,,,,
804861,2015,2015-08-27,"County Ground, Chelmsford",1,11.1,11.1,Yorkshire,Essex,A Lyth,JA Leaning,DD Masters,0,1,,,,1,,,,,,,,,
804861,2015,2015-08-27,"County Ground, Chelmsford",1,11.2,11.2,Yorkshire,Essex,JA Leaning,A Lyth,DD Masters,0,0,,,,,,,,,,,,,
804861,2015,2015-08-27,"County Ground, Chelmsford",1,11.3,11.3,Yorkshire,Essex,JA Leaning,A Lyth,DD Masters,1,0,,,,,,,,,,,,,
804861,2015,2015-08-27,"County Ground, Chelmsford",1,11.4,11.4,Yorkshire,Essex,A Lyth,JA Leaning,DD Masters,1,0,,,,,,,,,,,,,
804861,2015,2015-08-27,"County Ground, Chelmsford",1,11.5,11.5,Yorkshire,Essex,JA Leaning,A Lyth,DD Masters,0,0,,,,,,,,,,,,,
804861,2015,2015-08-27,"County Ground, Chelmsford",1,11.6,11.6,Yorkshire,Essex,JA Leaning,A Lyth,DD Masters,0,0,,,,,,,,,,,,,
804861,2015,2015-08-27,"County Ground, Chelmsford",1,12.1,12.1,Yorkshire,Essex,A Lyth,JA Leaning,JA Porter,0,0,,,,,,,,,,,,,
804861,2015,2015-08-27,"County Ground, Chelmsford",1,12.2,12.2,Yorkshire,Essex,A Lyth,JA Leaning,JA Porter,0,0,,,,,,,,,,,,,
804861,2015,2015-08-27,"County Ground, Chelmsford",1,12.3,12.3,Yorkshire,Essex,A Lyth,JA Leaning,JA Porter,4,0,,,,,,,,,,,,,
804861,2015,2015-08-27,"County Ground, Chelmsford",1,12.4,12.4,Yorkshire,Essex,A Lyth,JA Leaning,JA Porter,0,0,,,,,,,bowled,A Lyth,,,,,
804861,2015,2015-08-27,"County Ground, Chelmsford",1,12.5,12.5,Yorkshire,Essex,JM Bairstow,JA Leaning,JA Porter,0,0,,,,,,,,,,,,,
804861,2015,2015-08-27,"County Ground, Chelmsford",1,12.6,12.6,Yorkshire,Essex,JM Bairstow,JA Leaning,JA Porter,4,0,,,,,,,,,,,,,
804861,2015,2015-08-27,"County Ground, Chelmsford",1,13.1,13.1,Yorkshire,Essex,JA Leaning,JM Bairstow,DD Masters,0,0,,,,,,,,,,,,,
804861,2015,2015-08-27,"County Ground, Chelmsford",1,13.2,13.2,Yorkshire,Essex,JA Leaning,JM Bairstow,DD Masters,0,0,,,,,,,,,,,,,
804861,2015,2015-08-27,"County Ground, Chelmsford",1,13.3,13.3,Yorkshire,Essex,JA Leaning,JM Bairstow,DD Masters,0,0,,,,,,,,,,,,,
804861,2015,2015-08-27,"County Ground, Chelmsford",1,13.4,13.4,Yorkshire,Essex,JA Leaning,JM Bairstow,DD Masters,1,0,,,,,,,,,,,,,
804861,2015,2015-08-27,"County Ground, Chelmsford",1,13.5,13.5,Yorkshire,Essex,JM Bairstow,JA Leaning,DD Masters,0,0,,,,,,,,,,,,,
804861,2015,2015-08-27,"County Ground, Chelmsford",1,13.6,13.6,Yorkshire,Essex,JM Bairstow,JA Leaning,DD Masters,0,0,,,,,,,,,,,,,
804861,2015,2015-08-27,"County Ground, Chelmsford",1,14.1,14.1,Yorkshire,Essex,JA Leaning,JM Bairstow,JA Porter,0,0,,,,,,,,,,,,,
804861,2015,2015-08-27,"County Ground, Chelmsford",1,14.2,14.2,Yorkshire,Essex,JA Leaning,JM Bairstow,JA Porter,0,0,,,,,,,,,,,,,
804861,2015,2015-08-27,"County Ground, Chelmsford",1,14.3,14.3,Yorkshire,Essex,JA Leaning,JM Bairstow,JA Porter,0,0,,,,,,,,,,,,,
804861,2015,2015-08-27,"County Ground, Chelmsford",1,14.4,14.4,Yorkshire,Essex,JA Leaning,JM Bairstow,JA Porter,2,0,,,,,,,,,,,,,
804861,2015,2015-08-27,"County Ground, Chelmsford",1,14.5,14.5,Yorkshire,Essex,JA Leaning,JM Bairstow,JA Porter,4,0,,,,,,,,,,,,,
804861,2015,2015-08-27,"County Ground, Chelmsford",1,14.6,14.6,Yorkshire,Essex,JA Leaning,JM Bairstow,JA Porter,0,0,,,,,,,,,,,,,
804861,2015,2015-08-27,"County Ground, Chelmsford",1,15.1,15.1,Yorkshire,Essex,JM Bairstow,JA Leaning,DD Masters,0,0,,,,,,,,,,,,,
804861,2015,2015-08-27,"County Ground, Chelmsford",1,15.2,15.2,Yorkshire,Essex,JM Bairstow,JA Leaning,DD Masters,0,0,,,,,,,,,,,,,
804861,2015,2015-08-27,"County Ground, Chelmsford",1,15.3,15.3,Yorkshire,Essex,JM Bairstow,JA Leaning,DD Masters,1,0,,,,,,,,,,,,,
804861,2015,2015-08-27,"County Ground, Chelmsford",1,15.4,15.4,Yorkshire,Essex,JA Leaning,JM Bairstow,DD Masters,0,0,,,,,,,,,,,,,
804861,2015,2015-08-27,"County Ground, Chelmsford",1,15.5,15.5,Yorkshire,Essex,JA Leaning,JM Bairstow,DD Masters,0,0,,,,,,,,,,,,,
804861,2015,2015-08-27,"County Ground, Chelmsford",1,15.6,15.6,Yorkshire,Essex,JA Leaning,JM Bairstow,DD Masters,0,0,,,,,,,,,,,,,
804861,2015,2015-08-27,"County Ground, Chelmsford",1,16.1,16.1,Yorkshire,Essex,JM Bairstow,JA Leaning,JA Porter,4,0,,,,,,,,,,,,,
804861,2015,2015-08-27,"County Ground, Chelmsford",1,16.2,16.2,Yorkshire,Essex,JM Bairstow,JA Leaning,JA Porter,0,0,,,,,,,,,,,,,
804861,2015,2015-08-27,"County Ground, Chelmsford",1,16.3,16.3,Yorkshire,Essex,JM Bairstow,JA Leaning,JA Porter,1,0,,,,,,,,,,,,,
804861,2015,2015-08-27,"County Ground, Chelmsford",1,16.4,16.4,Yorkshire,Essex,JA Leaning,JM Bairstow,JA Porter,0,0,,,,,,,,,,,,,
804861,2015,2015-08-27,"County Ground, Chelmsford",1,16.5,16.5,Yorkshire,Essex,JA Leaning,JM Bairstow,JA Porter,0,0,,,,,,,,,,,,,
804861,2015,2015-08-27,"County Ground, Chelmsford",1,16.6,16.6,Yorkshire,Essex,JA Leaning,JM Bairstow,JA Porter,1,0,,,,,,,,,,,,,
804861,2015,2015-08-27,"County Ground, Chelmsford",1,17.1,17.1,Yorkshire,Essex,JA Leaning,JM Bairstow,DD Masters,0,0,,,,,,,,,,,,,
804861,2015,2015-08-27,"County Ground, Chelmsford",1,17.2,17.2,Yorkshire,Essex,JA Leaning,JM Bairstow,DD Masters,1,0,,,,,,,,,,,,,
804861,2015,2015-08-27,"County Ground, Chelmsford",1,17.3,17.3,Yorkshire,Essex,JM Bairstow,JA Leaning,DD Masters,0,0,,,,,,,,,,,,,
804861,2015,2015-08-27,"County Ground, Chelmsford",1,17.4,17.4,Yorkshire,Essex,JM Bairstow,JA Leaning,DD Masters,0,0,,,,,,,,,,,,,
804861,2015,2015-08-27,"County Ground, Chelmsford",1,17.5,17.5,Yorkshire,Essex,JM Bairstow,JA Leaning,DD Masters,4,0,,,,,,,,,,,,,
804861,2015,2015-08-27,"County Ground, Chelmsford",1,17.6,17.6,Yorkshire,Essex,JM Bairstow,JA Leaning,DD Masters,0,0,,,,,,,,,,,,,
804861,2015,2015-08-27,"County Ground, Chelmsford",1,18.1,18.1,Yorkshire,Essex,JA Leaning,JM Bairstow,JD Ryder,1,0,,,,,,,,,,,,,
804861,2015,2015-08-27,"County Ground, Chelmsford",1,18.2,18.2,Yorkshire,Essex,JM Bairstow,JA Leaning,JD Ryder,0,0,,,,,,,,,,,,,
804861,2015,2015-08-27,"County Ground, Chelmsford",1,18.3,18.3,Yorkshire,Essex,JM Bairstow,JA Leaning,JD Ryder,1,0,,,,,,,,,,,,,
804861,2015,2015-08-27,"County Ground, Chelmsford",1,18.4,18.4,Yorkshire,Essex,JA Leaning,JM Bairstow,JD Ryder,0,0,,,,,,,,,,,,,
804861,2015,2015-08-27,"County Ground, Chelmsford",1,18.5,18.5,Yorkshire,Essex,JA Leaning,JM Bairstow,JD Ryder,1,0,,,,,,,,,,,,,
804861,2015,2015-08-27,"County Ground, Chelmsford",1,18.6,18.6,Yorkshire,Essex,JM Bairstow,JA Leaning,JD Ryder,0,0,,,,,,,,,,,,,
804861,2015,2015-08-27,"County Ground, Chelmsford",1,19.1,19.1,Yorkshire,Essex,JA Leaning,JM Bairstow,ASS Nijjar,0,0,,,,,,,,,,,,,
804861,2015,2015-08-27,"County Ground, Chelmsford",1,19.2,19.2,Yorkshire,Essex,JA Leaning,JM Bairstow,ASS Nijjar,0,0,,,,,,,,,,,,,
804861,2015,2015-08-27,"County Ground, Chelmsford",1,19.3,19.3,Yorkshire,Essex,JA Leaning,JM Bairstow,ASS Nijjar,0,0,,,,,,,,,,,,,
804861,2015,2015-08-27,"County Ground, Chelmsford",1,19.4,19.4,Yorkshire,Essex,JA Leaning,JM Bairstow,ASS Nijjar,1,0,,,,,,,,,,,,,
804861,2015,2015-08-27,"County Ground, Chelmsford",1,19.5,19.5,Yorkshire,Essex,JM Bairstow,JA Leaning,ASS Nijjar,0,0,,,,,,,,,,,,,
804861,2015,2015-08-27,"County Ground, Chelmsford",1,19.6,19.6,Yorkshire,Essex,JM Bairstow,JA Leaning,ASS Nijjar,4,0,,,,,,,,,,,,,
804861,2015,2015-08-27,"County Ground, Chelmsford",1,20.1,20.1,Yorkshire,Essex,JA Leaning,JM Bairstow,JD Ryder,1,0,,,,,,,,,,,,,
804861,2015,2015-08-27,"County Ground, Chelmsford",1,20.2,20.2,Yorkshire,Essex,JM Bairstow,JA Leaning,JD Ryder,0,0,,,,,,,,,,,,,
804861,2015,2015-08-27,"County Ground, Chelmsford",1,20.3,20.3,Yorkshire,Essex,JM Bairstow,JA Leaning,JD Ryder,0,0,,,,,,,caught,JM Bairstow,,,JS Foster,,
804861,2015,2015-08-27,"County Ground, Chelmsford",1,20.4,20.4,Yorkshire,Essex,GS Ballance,JA Leaning,JD Ryder,0,0,,,,,,,,,,,,,
804861,2015,2015-08-27,"County Ground, Chelmsford",1,20.5,20.5,Yorkshire,Essex,GS Ballance,JA Leaning,JD Ryder,0,0,,,,,,,,,,,,,
804861,2015,2015-08-27,"County Ground, Chelmsford",1,20.6,20.6,Yorkshire,Essex,GS Ballance,JA Leaning,JD Ryder,3,0,,,,,,,,,,,,,
804861,2015,2015-08-27,"County Ground, Chelmsford",1,21.1,21.1,Yorkshire,Essex,GS Ballance,JA Leaning,ASS Nijjar,1,0,,,,,,,,,,,,,
804861,2015,2015-08-27,"County Ground, Chelmsford",1,21.2,21.2,Yorkshire,Essex,JA Leaning,GS Ballance,ASS Nijjar,0,0,,,,,,,,,,,,,
804861,2015,2015-08-27,"County Ground, Chelmsford",1,21.3,21.3,Yorkshire,Essex,JA Leaning,GS Ballance,ASS Nijjar,0,0,,,,,,,,,,,,,
804861,2015,2015-08-27,"County Ground, Chelmsford",1,21.4,21.4,Yorkshire,Essex,JA Leaning,GS Ballance,ASS Nijjar,0,0,,,,,,,,,,,,,
804861,2015,2015-08-27,"County Ground, Chelmsford",1,21.5,21.5,Yorkshire,Essex,JA Leaning,GS Ballance,ASS Nijjar,0,0,,,,,,,,,,,,,
804861,2015,2015-08-27,"County Ground, Chelmsford",1,21.6,21.6,Yorkshire,Essex,JA Leaning,GS Ballance,ASS Nijjar,1,0,,,,,,,,,,,,,
804861,2015,2015-08-27,"County Ground, Chelmsford",1,22.1,22.1,Yorkshire,Essex,JA Leaning,GS Ballance,JD Ryder,0,0,,,,,,,,,,,,,
804861,2015,2015-08-27,"County Ground, Chelmsford",1,22.2,22.2,Yorkshire,Essex,JA Leaning,GS Ballance,JD Ryder,0,0,,,,,,,,,,,,,
804861,2015,2015-08-27,"County Ground, Chelmsford",1,22.3,22.3,Yorkshire,Essex,JA Leaning,GS Ballance,JD Ryder,2,0,,,,,,,,,,,,,
804861,2015,2015-08-27,"County Ground, Chelmsford",1,22.4,22.4,Yorkshire,Essex,JA Leaning,GS Ballance,JD Ryder,0,0,,,,,,,,,,,,,
804861,2015,2015-08-27,"County Ground, Chelmsford",1,22.5,22.5,Yorkshire,Essex,JA Leaning,GS Ballance,JD Ryder,1,0,,,,,,,,,,,,,
804861,2015,2015-08-27,"County Ground, Chelmsford",1,22.6,22.6,Yorkshire,Essex,GS Ballance,JA Leaning,JD Ryder,0,0,,,,,,,,,,,,,
804861,2015,2015-08-27,"County Ground, Chelmsford",1,23.1,23.1,Yorkshire,Essex,JA Leaning,GS Ballance,ASS Nijjar,1,0,,,,,,,,,,,,,
804861,2015,2015-08-27,"County Ground, Chelmsford",1,23.2,23.2,Yorkshire,Essex,GS Ballance,JA Leaning,ASS Nijjar,1,0,,,,,,,,,,,,,
804861,2015,2015-08-27,"County Ground, Chelmsford",1,23.3,23.3,Yorkshire,Essex,JA Leaning,GS Ballance,ASS Nijjar,0,0,,,,,,,,,,,,,
804861,2015,2015-08-27,"County Ground, Chelmsford",1,23.4,23.4,Yorkshire,Essex,JA Leaning,GS Ballance,ASS Nijjar,6,0,,,,,,,,,,,,,
804861,2015,2015-08-27,"County Ground, Chelmsford",1,23.5,23.5,Yorkshire,Essex,JA Leaning,GS Ballance,ASS Nijjar,1,0,,,,,,,,,,,,,
804861,2015,2015-08-27,"County Ground, Chelmsford",1,23.6,23.6,Yorkshire,Essex,GS Ballance,JA Leaning,ASS Nijjar,1,0,,,,,,,,,,,,,
804861,2015,2015-08-27,"County Ground, Chelmsford",1,24.1,24.1,Yorkshire,Essex,GS Ballance,JA Leaning,JD Ryder,1,0,,,,,,,,,,,,,
804861,2015,2015-08-27,"County Ground, Chelmsford",1,24.2,24.2,Yorkshire,Essex,JA Leaning,GS Ballance,JD Ryder,1,0,,,,,,,,,,,,,
804861,2015,2015-08-27,"County Ground, Chelmsford",1,24.3,24.3,Yorkshire,Essex,GS Ballance,JA Leaning,JD Ryder,0,0,,,,,,,,,,,,,
804861,2015,2015-08-27,"County Ground, Chelmsford",1,24.4,24.4,Yorkshire,Essex,GS Ballance,JA Leaning,JD Ryder,1,0,,,,,,,,,,,,,
804861,2015,2015-08-27,"County Ground, Chelmsford",1,24.5,24.5,Yorkshire,Essex,JA Leaning,GS Ballance,JD Ryder,2,0,,,,,,,,,,,,,
804861,2015,2015-08-27,"County Ground, Chelmsford",1,24.6,24.6,Yorkshire,Essex,JA Leaning,GS Ballance,JD Ryder,0,0,,,,,,,,,,,,,
804861,2015,2015-08-27,"County Ground, Chelmsford",1,25.1,25.1,Yorkshire,Essex,GS Ballance,JA Leaning,DD Masters,0,0,,,,,,,,,,,,,
804861,2015,2015-08-27,"County Ground, Chelmsford",1,25.2,25.2,Yorkshire,Essex,GS Ballance,JA Leaning,DD Masters,0,0,,,,,,,,,,,,,
804861,2015,2015-08-27,"County Ground, Chelmsford",1,25.3,25.3,Yorkshire,Essex,GS Ballance,JA Leaning,DD Masters,0,0,,,,,,,,,,,,,
804861,2015,2015-08-27,"County Ground, Chelmsford",1,25.4,25.4,Yorkshire,Essex,GS Ballance,JA Leaning,DD Masters,0,0,,,,,,,,,,,,,
804861,2015,2015-08-27,"County Ground, Chelmsford",1,25.5,25.5,Yorkshire,Essex,GS Ballance,JA Leaning,DD Masters,1,0,,,,,,,,,,,,,
804861,2015,2015-08-27,"County Ground, Chelmsford",1,25.6,25.6,Yorkshire,Essex,JA Leaning,GS Ballance,DD Masters,0,0,,,,,,,,,,,,,
804861,2015,2015-08-27,"County Ground, Chelmsford",1,26.1,26.1,Yorkshire,Essex,GS Ballance,JA Leaning,JD Ryder,0,0,,,,,,,,,,,,,
804861,2015,2015-08-27,"County Ground, Chelmsford",1,26.2,26.2,Yorkshire,Essex,GS Ballance,JA Leaning,JD Ryder,0,0,,,,,,,,,,,,,
804861,2015,2015-08-27,"County Ground, Chelmsford",1,26.3,26.3,Yorkshire,Essex,GS Ballance,JA Leaning,JD Ryder,4,0,,,,,,,,,,,,,
804861,2015,2015-08-27,"County Ground, Chelmsford",1,26.4,26.4,Yorkshire,Essex,GS Ballance,JA Leaning,JD Ryder,0,0,,,,,,,,,,,,,
804861,2015,2015-08-27,"County Ground, Chelmsford",1,26.5,26.5,Yorkshire,Essex,GS Ballance,JA Leaning,JD Ryder,1,0,,,,,,,,,,,,,
804861,2015,2015-08-27,"County Ground, Chelmsford",1,26.6,26.6,Yorkshire,Essex,JA Leaning,GS Ballance,JD Ryder,0,0,,,,,,,,,,,,,
804861,2015,2015-08-27,"County Ground, Chelmsford",1,27.1,27.1,Yorkshire,Essex,GS Ballance,JA Leaning,ASS Nijjar,2,0,,,,,,,,,,,,,
804861,2015,2015-08-27,"County Ground, Chelmsford",1,27.2,27.2,Yorkshire,Essex,GS Ballance,JA Leaning,ASS Nijjar,1,0,,,,,,,,,,,,,
804861,2015,2015-08-27,"County Ground, Chelmsford",1,27.3,27.3,Yorkshire,Essex,JA Leaning,GS Ballance,ASS Nijjar,0,0,,,,,,,,,,,,,
804861,2015,2015-08-27,"County Ground, Chelmsford",1,27.4,27.4,Yorkshire,Essex,JA Leaning,GS Ballance,ASS Nijjar,1,0,,,,,,,,,,,,,
804861,2015,2015-08-27,"County Ground, Chelmsford",1,27.5,27.5,Yorkshire,Essex,GS Ballance,JA Leaning,ASS Nijjar,1,0,,,,,,,,,,,,,
804861,2015,2015-08-27,"County Ground, Chelmsford",1,27.6,27.6,Yorkshire,Essex,JA Leaning,GS Ballance,ASS Nijjar,1,0,,,,,,,,,,,,,
804861,2015,2015-08-27,"County Ground, Chelmsford",1,28.1,28.1,Yorkshire,Essex,JA Leaning,GS Ballance,JA Porter,1,0,,,,,,,,,,,,,
804861,2015,2015-08-27,"County Ground, Chelmsford",1,28.2,28.2,Yorkshire,Essex,GS Ballance,JA Leaning,JA Porter,0,0,,,,,,,,,,,,,
804861,2015,2015-08-27,"County Ground, Chelmsford",1,28.3,28.3,Yorkshire,Essex,GS Ballance,JA Leaning,JA Porter,0,0,,,,,,,,,,,,,
804861,2015,2015-08-27,"County Ground, Chelmsford",1,28.4,28.4,Yorkshire,Essex,GS Ballance,JA Leaning,JA Porter,0,0,,,,,,,,,,,,,
804861,2015,2015-08-27,"County Ground, Chelmsford",1,28.5,28.5,Yorkshire,Essex,GS Ballance,JA Leaning,JA Porter,2,0,,,,,,,,,,,,,
804861,2015,2015-08-27,"County Ground, Chelmsford",1,28.6,28.6,Yorkshire,Essex,GS Ballance,JA Leaning,JA Porter,0,0,,,,,,,,,,,,,
804861,2015,2015-08-27,"County Ground, Chelmsford",1,29.1,29.1,Yorkshire,Essex,JA Leaning,GS Ballance,ASS Nijjar,1,0,,,,,,,,,,,,,
804861,2015,2015-08-27,"County Ground, Chelmsford",1,29.2,29.2,Yorkshire,Essex,GS Ballance,JA Leaning,ASS Nijjar,1,0,,,,,,,,,,,,,
804861,2015,2015-08-27,"County Ground, Chelmsford",1,29.3,29.3,Yorkshire,Essex,JA Leaning,GS Ballance,ASS Nijjar,0,0,,,,,,,,,,,,,
804861,2015,2015-08-27,"County Ground, Chelmsford",1,29.4,29.4,Yorkshire,Essex,JA Leaning,GS Ballance,ASS Nijjar,0,0,,,,,,,,,,,,,
804861,2015,2015-08-27,"County Ground, Chelmsford",1,29.5,29.5,Yorkshire,Essex,JA Leaning,GS Ballance,ASS Nijjar,1,0,,,,,,,,,,,,,
804861,2015,2015-08-27,"County Ground, Chelmsford",1,29.6,29.6,Yorkshire,Essex,GS Ballance,JA Leaning,ASS Nijjar,1,0,,,,,,,,,,,,,
804861,2015,2015-08-27,"County Ground, Chelmsford",1,30.1,30.1,Yorkshire,Essex,GS Ballance,JA Leaning,JA Porter,0,0,,,,,,,,,,,,,
804861,2015,2015-08-27,"County Ground, Chelmsford",1,30.2,30.2,Yorkshire,Essex,GS Ballance,JA Leaning,JA Porter,0,0,,,,,,,,,,,,,
804861,2015,2015-08-27,"County Ground, Chelmsford",1,30.3,30.3,Yorkshire,Essex,GS Ballance,JA Leaning,JA Porter,1,0,,,,,,,,,,,,,
804861,2015,2015-08-27,"County Ground, Chelmsford",1,30.4,30.4,Yorkshire,Essex,JA Leaning,GS Ballance,JA Porter,2,0,,,,,,,,,,,,,
804861,2015,2015-08-27,"County Ground, Chelmsford",1,30.5,30.5,Yorkshire,Essex,JA Leaning,GS Ballance,JA Porter,0,0,,,,,,,,,,,,,
804861,2015,2015-08-27,"County Ground, Chelmsford",1,30.6,30.6,Yorkshire,Essex,JA Leaning,GS Ballance,JA Porter,0,0,,,,,,,,,,,,,
804861,2015,2015-08-27,"County Ground, Chelmsford",1,31.1,31.1,Yorkshire,Essex,GS Ballance,JA Leaning,RS Bopara,1,0,,,,,,,,,,,,,
804861,2015,2015-08-27,"County Ground, Chelmsford",1,31.2,31.2,Yorkshire,Essex,JA Leaning,GS Ballance,RS Bopara,0,0,,,,,,,,,,,,,
804861,2015,2015-08-27,"County Ground, Chelmsford",1,31.3,31.3,Yorkshire,Essex,JA Leaning,GS Ballance,RS Bopara,0,0,,,,,,,,,,,,,
804861,2015,2015-08-27,"County Ground, Chelmsford",1,31.4,31.4,Yorkshire,Essex,JA Leaning,GS Ballance,RS Bopara,1,0,,,,,,,,,,,,,
804861,2015,2015-08-27,"County Ground, Chelmsford",1,31.5,31.5,Yorkshire,Essex,GS Ballance,JA Leaning,RS Bopara,0,0,,,,,,,,,,,,,
804861,2015,2015-08-27,"County Ground, Chelmsford",1,31.6,31.6,Yorkshire,Essex,GS Ballance,JA Leaning,RS Bopara,1,0,,,,,,,,,,,,,
804861,2015,2015-08-27,"County Ground, Chelmsford",1,32.1,32.1,Yorkshire,Essex,GS Ballance,JA Leaning,JA Porter,4,0,,,,,,,,,,,,,
804861,2015,2015-08-27,"County Ground, Chelmsford",1,32.2,32.2,Yorkshire,Essex,GS Ballance,JA Leaning,JA Porter,1,0,,,,,,,,,,,,,
804861,2015,2015-08-27,"County Ground, Chelmsford",1,32.3,32.3,Yorkshire,Essex,JA Leaning,GS Ballance,JA Porter,0,0,,,,,,,,,,,,,
804861,2015,2015-08-27,"County Ground, Chelmsford",1,32.4,32.4,Yorkshire,Essex,JA Leaning,GS Ballance,JA Porter,6,0,,,,,,,,,,,,,
804861,2015,2015-08-27,"County Ground, Chelmsford",1,32.5,32.5,Yorkshire,Essex,JA Leaning,GS Ballance,JA Porter,0,0,,,,,,,,,,,,,
804861,2015,2015-08-27,"County Ground, Chelmsford",1,32.6,32.6,Yorkshire,Essex,JA Leaning,GS Ballance,JA Porter,1,0,,,,,,,,,,,,,
804861,2015,2015-08-27,"County Ground, Chelmsford",1,33.1,33.1,Yorkshire,Essex,JA Leaning,GS Ballance,RS Bopara,4,0,,,,,,,,,,,,,
804861,2015,2015-08-27,"County Ground, Chelmsford",1,33.2,33.2,Yorkshire,Essex,JA Leaning,GS Ballance,RS Bopara,0,0,,,,,,,,,,,,,
804861,2015,2015-08-27,"County Ground, Chelmsford",1,33.3,33.3,Yorkshire,Essex,JA Leaning,GS Ballance,RS Bopara,1,0,,,,,,,,,,,,,
804861,2015,2015-08-27,"County Ground, Chelmsford",1,33.4,33.4,Yorkshire,Essex,GS Ballance,JA Leaning,RS Bopara,2,0,,,,,,,,,,,,,
804861,2015,2015-08-27,"County Ground, Chelmsford",1,33.5,33.5,Yorkshire,Essex,GS Ballance,JA Leaning,RS Bopara,0,0,,,,,,,,,,,,,
804861,2015,2015-08-27,"County Ground, Chelmsford",1,33.6,33.6,Yorkshire,Essex,GS Ballance,JA Leaning,RS Bopara,0,0,,,,,,,caught,GS Ballance,,,JS Foster,,
804861,2015,2015-08-27,"County Ground, Chelmsford",1,34.1,34.1,Yorkshire,Essex,JA Leaning,WMH Rhodes,RJW Topley,0,0,,,,,,,,,,,,,
804861,2015,2015-08-27,"County Ground, Chelmsford",1,34.2,34.2,Yorkshire,Essex,JA Leaning,WMH Rhodes,RJW Topley,4,0,,,,,,,,,,,,,
804861,2015,2015-08-27,"County Ground, Chelmsford",1,34.3,34.3,Yorkshire,Essex,JA Leaning,WMH Rhodes,RJW Topley,1,0,,,,,,,,,,,,,
804861,2015,2015-08-27,"County Ground, Chelmsford",1,34.4,34.4,Yorkshire,Essex,WMH Rhodes,JA Leaning,RJW Topley,0,0,,,,,,,,,,,,,
804861,2015,2015-08-27,"County Ground, Chelmsford",1,34.5,34.5,Yorkshire,Essex,WMH Rhodes,JA Leaning,RJW Topley,0,1,,,,1,,,,,,,,,
804861,2015,2015-08-27,"County Ground, Chelmsford",1,34.6,34.6,Yorkshire,Essex,JA Leaning,WMH Rhodes,RJW Topley,1,0,,,,,,,,,,,,,
804861,2015,2015-08-27,"County Ground, Chelmsford",1,35.1,35.1,Yorkshire,Essex,JA Leaning,WMH Rhodes,RS Bopara,0,0,,,,,,,,,,,,,
804861,2015,2015-08-27,"County Ground, Chelmsford",1,35.2,35.2,Yorkshire,Essex,JA Leaning,WMH Rhodes,RS Bopara,1,0,,,,,,,,,,,,,
804861,2015,2015-08-27,"County Ground, Chelmsford",1,35.3,35.3,Yorkshire,Essex,WMH Rhodes,JA Leaning,RS Bopara,1,0,,,,,,,,,,,,,
804861,2015,2015-08-27,"County Ground, Chelmsford",1,35.4,35.4,Yorkshire,Essex,JA Leaning,WMH Rhodes,RS Bopara,1,0,,,,,,,,,,,,,
804861,2015,2015-08-27,"County Ground, Chelmsford",1,35.5,35.5,Yorkshire,Essex,WMH Rhodes,JA Leaning,RS Bopara,4,0,,,,,,,,,,,,,
804861,2015,2015-08-27,"County Ground, Chelmsford",1,35.6,35.6,Yorkshire,Essex,WMH Rhodes,JA Leaning,RS Bopara,1,0,,,,,,,,,,,,,
804861,2015,2015-08-27,"County Ground, Chelmsford",1,36.1,36.1,Yorkshire,Essex,WMH Rhodes,JA Leaning,RN ten Doeschate,0,0,,,,,,,,,,,,,
804861,2015,2015-08-27,"County Ground, Chelmsford",1,36.2,36.2,Yorkshire,Essex,WMH Rhodes,JA Leaning,RN ten Doeschate,1,0,,,,,,,,,,,,,
804861,2015,2015-08-27,"County Ground, Chelmsford",1,36.3,36.3,Yorkshire,Essex,JA Leaning,WMH Rhodes,RN ten Doeschate,1,0,,,,,,,,,,,,,
804861,2015,2015-08-27,"County Ground, Chelmsford",1,36.4,36.4,Yorkshire,Essex,WMH Rhodes,JA Leaning,RN ten Doeschate,1,0,,,,,,,,,,,,,
804861,2015,2015-08-27,"County Ground, Chelmsford",1,36.5,36.5,Yorkshire,Essex,JA Leaning,WMH Rhodes,RN ten Doeschate,1,0,,,,,,,,,,,,,
804861,2015,2015-08-27,"County Ground, Chelmsford",1,36.6,36.6,Yorkshire,Essex,WMH Rhodes,JA Leaning,RN ten Doeschate,1,0,,,,,,,,,,,,,
804861,2015,2015-08-27,"County Ground, Chelmsford",1,37.1,37.1,Yorkshire,Essex,WMH Rhodes,JA Leaning,RS Bopara,0,0,,,,,,,,,,,,,
804861,2015,2015-08-27,"County Ground, Chelmsford",1,37.2,37.2,Yorkshire,Essex,WMH Rhodes,JA Leaning,RS Bopara,0,0,,,,,,,caught,WMH Rhodes,,,ASS Nijjar,,
804861,2015,2015-08-27,"County Ground, Chelmsford",1,37.3,37.3,Yorkshire,Essex,JA Leaning,AU Rashid,RS Bopara,0,0,,,,,,,,,,,,,
804861,2015,2015-08-27,"County Ground, Chelmsford",1,37.4,37.4,Yorkshire,Essex,JA Leaning,AU Rashid,RS Bopara,0,0,,,,,,,,,,,,,
804861,2015,2015-08-27,"County Ground, Chelmsford",1,37.5,37.5,Yorkshire,Essex,JA Leaning,AU Rashid,RS Bopara,4,0,,,,,,,,,,,,,
804861,2015,2015-08-27,"County Ground, Chelmsford",1,37.6,37.6,Yorkshire,Essex,JA Leaning,AU Rashid,RS Bopara,0,0,,,,,,,,,,,,,
804861,2015,2015-08-27,"County Ground, Chelmsford",1,38.1,38.1,Yorkshire,Essex,AU Rashid,JA Leaning,RN ten Doeschate,0,0,,,,,,,,,,,,,
804861,2015,2015-08-27,"County Ground, Chelmsford",1,38.2,38.2,Yorkshire,Essex,AU Rashid,JA Leaning,RN ten Doeschate,0,0,,,,,,,,,,,,,
804861,2015,2015-08-27,"County Ground, Chelmsford",1,38.3,38.3,Yorkshire,Essex,AU Rashid,JA Leaning,RN ten Doeschate,0,0,,,,,,,bowled,AU Rashid,,,,,
804861,2015,2015-08-27,"County Ground, Chelmsford",1,38.4,38.4,Yorkshire,Essex,TT Bresnan,JA Leaning,RN ten Doeschate,1,0,,,,,,,,,,,,,
804861,2015,2015-08-27,"County Ground, Chelmsford",1,38.5,38.5,Yorkshire,Essex,JA Leaning,TT Bresnan,RN ten Doeschate,0,0,,,,,,,,,,,,,
804861,2015,2015-08-27,"County Ground, Chelmsford",1,38.6,38.6,Yorkshire,Essex,JA Leaning,TT Bresnan,RN ten Doeschate,0,1,1,,,,,,,,,,,,
804861,2015,2015-08-27,"County Ground, Chelmsford",1,38.7,38.6,Yorkshire,Essex,JA Leaning,TT Bresnan,RN ten Doeschate,0,0,,,,,,,,,,,,,
804861,2015,2015-08-27,"County Ground, Chelmsford",1,39.1,39.1,Yorkshire,Essex,TT Bresnan,JA Leaning,RS Bopara,1,0,,,,,,,,,,,,,
804861,2015,2015-08-27,"County Ground, Chelmsford",1,39.2,39.2,Yorkshire,Essex,JA Leaning,TT Bresnan,RS Bopara,0,0,,,,,,,,,,,,,
804861,2015,2015-08-27,"County Ground, Chelmsford",1,39.3,39.3,Yorkshire,Essex,JA Leaning,TT Bresnan,RS Bopara,1,0,,,,,,,,,,,,,
804861,2015,2015-08-27,"County Ground, Chelmsford",1,39.4,39.4,Yorkshire,Essex,TT Bresnan,JA Leaning,RS Bopara,0,0,,,,,,,,,,,,,
804861,2015,2015-08-27,"County Ground, Chelmsford",1,39.5,39.5,Yorkshire,Essex,TT Bresnan,JA Leaning,RS Bopara,4,0,,,,,,,,,,,,,
804861,2015,2015-08-27,"County Ground, Chelmsford",1,39.6,39.6,Yorkshire,Essex,TT Bresnan,JA Leaning,RS Bopara,0,0,,,,,,,,,,,,,
804861,2015,2015-08-27,"County Ground, Chelmsford",1,40.1,40.1,Yorkshire,Essex,JA Leaning,TT Bresnan,RJW Topley,0,0,,,,,,,caught,JA Leaning,,,ASS Nijjar,,
804861,2015,2015-08-27,"County Ground, Chelmsford",1,40.2,40.2,Yorkshire,Essex,TT Bresnan,LE Plunkett,RJW Topley,0,0,,,,,,,,,,,,,
804861,2015,2015-08-27,"County Ground, Chelmsford",1,40.3,40.3,Yorkshire,Essex,TT Bresnan,LE Plunkett,RJW Topley,1,0,,,,,,,,,,,,,
804861,2015,2015-08-27,"County Ground, Chelmsford",1,40.4,40.4,Yorkshire,Essex,LE Plunkett,TT Bresnan,RJW Topley,0,0,,,,,,,,,,,,,
804861,2015,2015-08-27,"County Ground, Chelmsford",1,40.5,40.5,Yorkshire,Essex,LE Plunkett,TT Bresnan,RJW Topley,0,0,,,,,,,,,,,,,
804861,2015,2015-08-27,"County Ground, Chelmsford",1,40.6,40.6,Yorkshire,Essex,LE Plunkett,TT Bresnan,RJW Topley,1,0,,,,,,,,,,,,,
804861,2015,2015-08-27,"County Ground, Chelmsford",1,41.1,41.1,Yorkshire,Essex,LE Plunkett,TT Bresnan,RS Bopara,0,0,,,,,,,,,,,,,
804861,2015,2015-08-27,"County Ground, Chelmsford",1,41.2,41.2,Yorkshire,Essex,LE Plunkett,TT Bresnan,RS Bopara,0,0,,,,,,,,,,,,,
804861,2015,2015-08-27,"County Ground, Chelmsford",1,41.3,41.3,Yorkshire,Essex,LE Plunkett,TT Bresnan,RS Bopara,0,0,,,,,,,,,,,,,
804861,2015,2015-08-27,"County Ground, Chelmsford",1,41.4,41.4,Yorkshire,Essex,LE Plunkett,TT Bresnan,RS Bopara,0,0,,,,,,,,,,,,,
804861,2015,2015-08-27,"County Ground, Chelmsford",1,41.5,41.5,Yorkshire,Essex,LE Plunkett,TT Bresnan,RS Bopara,1,0,,,,,,,,,,,,,
804861,2015,2015-08-27,"County Ground, Chelmsford",1,41.6,41.6,Yorkshire,Essex,TT Bresnan,LE Plunkett,RS Bopara,0,0,,,,,,,,,,,,,
804861,2015,2015-08-27,"County Ground, Chelmsford",1,42.1,42.1,Yorkshire,Essex,LE Plunkett,TT Bresnan,RJW Topley,1,0,,,,,,,,,,,,,
804861,2015,2015-08-27,"County Ground, Chelmsford",1,42.2,42.2,Yorkshire,Essex,TT Bresnan,LE Plunkett,RJW Topley,0,0,,,,,,,caught,TT Bresnan,,,ASS Nijjar,,
804861,2015,2015-08-27,"County Ground, Chelmsford",1,42.3,42.3,Yorkshire,Essex,LE Plunkett,SA Patterson,RJW Topley,1,0,,,,,,,,,,,,,
804861,2015,2015-08-27,"County Ground, Chelmsford",1,42.4,42.4,Yorkshire,Essex,SA Patterson,LE Plunkett,RJW Topley,0,0,,,,,,,,,,,,,
804861,2015,2015-08-27,"County Ground, Chelmsford",1,42.5,42.5,Yorkshire,Essex,SA Patterson,LE Plunkett,RJW Topley,1,0,,,,,,,,,,,,,
804861,2015,2015-08-27,"County Ground, Chelmsford",1,42.6,42.6,Yorkshire,Essex,LE Plunkett,SA Patterson,RJW Topley,0,0,,,,,,,,,,,,,
804861,2015,2015-08-27,"County Ground, Chelmsford",1,43.1,43.1,Yorkshire,Essex,SA Patterson,LE Plunkett,RS Bopara,0,0,,,,,,,,,,,,,
804861,2015,2015-08-27,"County Ground, Chelmsford",1,43.2,43.2,Yorkshire,Essex,SA Patterson,LE Plunkett,RS Bopara,0,0,,,,,,,,,,,,,
804861,2015,2015-08-27,"County Ground, Chelmsford",1,43.3,43.3,Yorkshire,Essex,SA Patterson,LE Plunkett,RS Bopara,0,0,,,,,,,,,,,,,
804861,2015,2015-08-27,"County Ground, Chelmsford",1,43.4,43.4,Yorkshire,Essex,SA Patterson,LE Plunkett,RS Bopara,0,0,,,,,,,,,,,,,
804861,2015,2015-08-27,"County Ground, Chelmsford",1,43.5,43.5,Yorkshire,Essex,SA Patterson,LE Plunkett,RS Bopara,0,0,,,,,,,,,,,,,
804861,2015,2015-08-27,"County Ground, Chelmsford",1,43.6,43.6,Yorkshire,Essex,SA Patterson,LE Plunkett,RS Bopara,0,0,,,,,,,,,,,,,
804861,2015,2015-08-27,"County Ground, Chelmsford",1,44.1,44.1,Yorkshire,Essex,LE Plunkett,SA Patterson,RJW Topley,0,0,,,,,,,,,,,,,
804861,2015,2015-08-27,"County Ground, Chelmsford",1,44.2,44.2,Yorkshire,Essex,LE Plunkett,SA Patterson,RJW Topley,1,0,,,,,,,,,,,,,
804861,2015,2015-08-27,"County Ground, Chelmsford",1,44.3,44.3,Yorkshire,Essex,SA Patterson,LE Plunkett,RJW Topley,0,0,,,,,,,,,,,,,
804861,2015,2015-08-27,"County Ground, Chelmsford",1,44.4,44.4,Yorkshire,Essex,SA Patterson,LE Plunkett,RJW Topley,0,0,,,,,,,bowled,SA Patterson,,,,,
804861,2015,2015-08-27,"County Ground, Chelmsford",1,44.5,44.5,Yorkshire,Essex,MD Fisher,LE Plunkett,RJW Topley,0,0,,,,,,,,,,,,,
804861,2015,2015-08-27,"County Ground, Chelmsford",1,44.6,44.6,Yorkshire,Essex,MD Fisher,LE Plunkett,RJW Topley,1,0,,,,,,,,,,,,,
804861,2015,2015-08-27,"County Ground, Chelmsford",1,45.1,45.1,Yorkshire,Essex,MD Fisher,LE Plunkett,RS Bopara,0,0,,,,,,,,,,,,,
804861,2015,2015-08-27,"County Ground, Chelmsford",1,45.2,45.2,Yorkshire,Essex,MD Fisher,LE Plunkett,RS Bopara,0,0,,,,,,,,,,,,,
804861,2015,2015-08-27,"County Ground, Chelmsford",1,45.3,45.3,Yorkshire,Essex,MD Fisher,LE Plunkett,RS Bopara,0,0,,,,,,,,,,,,,
804861,2015,2015-08-27,"County Ground, Chelmsford",1,45.4,45.4,Yorkshire,Essex,MD Fisher,LE Plunkett,RS Bopara,1,0,,,,,,,,,,,,,
804861,2015,2015-08-27,"County Ground, Chelmsford",1,45.5,45.5,Yorkshire,Essex,LE Plunkett,MD Fisher,RS Bopara,1,0,,,,,,,,,,,,,
804861,2015,2015-08-27,"County Ground, Chelmsford",1,45.6,45.6,Yorkshire,Essex,MD Fisher,LE Plunkett,RS Bopara,1,0,,,,,,,,,,,,,
804861,2015,2015-08-27,"County Ground, Chelmsford",1,46.1,46.1,Yorkshire,Essex,MD Fisher,LE Plunkett,RJW Topley,1,0,,,,,,,,,,,,,
804861,2015,2015-08-27,"County Ground, Chelmsford",1,46.2,46.2,Yorkshire,Essex,LE Plunkett,MD Fisher,RJW Topley,6,0,,,,,,,,,,,,,
804861,2015,2015-08-27,"County Ground, Chelmsford",1,46.3,46.3,Yorkshire,Essex,LE Plunkett,MD Fisher,RJW Topley,4,0,,,,,,,,,,,,,
804861,2015,2015-08-27,"County Ground, Chelmsford",1,46.4,46.4,Yorkshire,Essex,LE Plunkett,MD Fisher,RJW Topley,1,0,,,,,,,,,,,,,
804861,2015,2015-08-27,"County Ground, Chelmsford",1,46.5,46.5,Yorkshire,Essex,MD Fisher,LE Plunkett,RJW Topley,0,1,,,,1,,,,,,,,,
804861,2015,2015-08-27,"County Ground, Chelmsford",1,46.6,46.6,Yorkshire,Essex,LE Plunkett,MD Fisher,RJW Topley,2,0,,,,,,,,,,,,,
804861,2015,2015-08-27,"County Ground, Chelmsford",1,47.1,47.1,Yorkshire,Essex,MD Fisher,LE Plunkett,RS Bopara,0,0,,,,,,,,,,,,,
804861,2015,2015-08-27,"County Ground, Chelmsford",1,47.2,47.2,Yorkshire,Essex,MD Fisher,LE Plunkett,RS Bopara,0,0,,,,,,,,,,,,,
804861,2015,2015-08-27,"County Ground, Chelmsford",1,47.3,47.3,Yorkshire,Essex,MD Fisher,LE Plunkett,RS Bopara,1,0,,,,,,,,,,,,,
804861,2015,2015-08-27,"County Ground, Chelmsford",1,47.4,47.4,Yorkshire,Essex,LE Plunkett,MD Fisher,RS Bopara,0,0,,,,,,,,,,,,,
804861,2015,2015-08-27,"County Ground, Chelmsford",1,47.5,47.5,Yorkshire,Essex,LE Plunkett,MD Fisher,RS Bopara,1,0,,,,,,,,,,,,,
804861,2015,2015-08-27,"County Ground, Chelmsford",1,47.6,47.6,Yorkshire,Essex,MD Fisher,LE Plunkett,RS Bopara,0,0,,,,,,,,,,,,,
804861,2015,2015-08-27,"County Ground, Chelmsford",1,48.1,48.1,Yorkshire,Essex,LE Plunkett,MD Fisher,JA Porter,4,0,,,,,,,,,,,,,
804861,2015,2015-08-27,"County Ground, Chelmsford",1,48.2,48.2,Yorkshire,Essex,LE Plunkett,MD Fisher,JA Porter,6,0,,,,,,,,,,,,,
804861,2015,2015-08-27,"County Ground, Chelmsford",1,48.3,48.3,Yorkshire,Essex,LE Plunkett,MD Fisher,JA Porter,0,0,,,,,,,,,,,,,
804861,2015,2015-08-27,"County Ground, Chelmsford",1,48.4,48.4,Yorkshire,Essex,LE Plunkett,MD Fisher,JA Porter,0,0,,,,,,,,,,,,,
804861,2015,2015-08-27,"County Ground, Chelmsford",1,48.5,48.5,Yorkshire,Essex,LE Plunkett,MD Fisher,JA Porter,6,0,,,,,,,,,,,,,
804861,2015,2015-08-27,"County Ground, Chelmsford",1,48.6,48.6,Yorkshire,Essex,LE Plunkett,MD Fisher,JA Porter,1,0,,,,,,,,,,,,,
804861,2015,2015-08-27,"County Ground, Chelmsford",1,49.1,49.1,Yorkshire,Essex,LE Plunkett,MD Fisher,RS Bopara,2,0,,,,,,,,,,,,,
804861,2015,2015-08-27,"County Ground, Chelmsford",1,49.2,49.2,Yorkshire,Essex,LE Plunkett,MD Fisher,RS Bopara,4,0,,,,,,,,,,,,,
804861,2015,2015-08-27,"County Ground, Chelmsford",1,49.3,49.3,Yorkshire,Essex,LE Plunkett,MD Fisher,RS Bopara,2,0,,,,,,,,,,,,,
804861,2015,2015-08-27,"County Ground, Chelmsford",1,49.4,49.4,Yorkshire,Essex,LE Plunkett,MD Fisher,RS Bopara,2,0,,,,,,,,,,,,,
804861,2015,2015-08-27,"County Ground, Chelmsford",1,49.5,49.5,Yorkshire,Essex,LE Plunkett,MD Fisher,RS Bopara,2,0,,,,,,,,,,,,,
804861,2015,2015-08-27,"County Ground, Chelmsford",1,49.6,49.6,Yorkshire,Essex,LE Plunkett,MD Fisher,RS Bopara,0,0,,,,,,,,,,,,,
804861,2015,2015-08-27,"County Ground, Chelmsford",2,0.1,0.1,Essex,Yorkshire,ML Pettini,NLJ Browne,TT Bresnan,0,0,,,,,,,,,,,,,
804861,2015,2015-08-27,"County Ground, Chelmsford",2,0.2,0.2,Essex,Yorkshire,ML Pettini,NLJ Browne,TT Bresnan,0,0,,,,,,,,,,,,,
804861,2015,2015-08-27,"County Ground, Chelmsford",2,0.3,0.3,Essex,Yorkshire,ML Pettini,NLJ Browne,TT Bresnan,1,0,,,,,,,,,,,,,
804861,2015,2015-08-27,"County Ground, Chelmsford",2,0.4,0.4,Essex,Yorkshire,NLJ Browne,ML Pettini,TT Bresnan,0,0,,,,,,,,,,,,,
804861,2015,2015-08-27,"County Ground, Chelmsford",2,0.5,0.5,Essex,Yorkshire,NLJ Browne,ML Pettini,TT Bresnan,0,0,,,,,,,,,,,,,
804861,2015,2015-08-27,"County Ground, Chelmsford",2,0.6,0.6,Essex,Yorkshire,NLJ Browne,ML Pettini,TT Bresnan,0,0,,,,,,,,,,,,,
804861,2015,2015-08-27,"County Ground, Chelmsford",2,1.1,1.1,Essex,Yorkshire,ML Pettini,NLJ Browne,SA Patterson,1,0,,,,,,,,,,,,,
804861,2015,2015-08-27,"County Ground, Chelmsford",2,1.2,1.2,Essex,Yorkshire,NLJ Browne,ML Pettini,SA Patterson,0,0,,,,,,,,,,,,,
804861,2015,2015-08-27,"County Ground, Chelmsford",2,1.3,1.3,Essex,Yorkshire,NLJ Browne,ML Pettini,SA Patterson,0,0,,,,,,,,,,,,,
804861,2015,2015-08-27,"County Ground, Chelmsford",2,1.4,1.4,Essex,Yorkshire,NLJ Browne,ML Pettini,SA Patterson,1,0,,,,,,,,,,,,,
804861,2015,2015-08-27,"County Ground, Chelmsford",2,1.5,1.5,Essex,Yorkshire,ML Pettini,NLJ Browne,SA Patterson,0,0,,,,,,,,,,,,,
804861,2015,2015-08-27,"County Ground, Chelmsford",2,1.6,1.6,Essex,Yorkshire,ML Pettini,NLJ Browne,SA Patterson,0,0,,,,,,,,,,,,,
804861,2015,2015-08-27,"County Ground, Chelmsford",2,2.1,2.1,Essex,Yorkshire,NLJ Browne,ML Pettini,TT Bresnan,0,0,,,,,,,,,,,,,
804861,2015,2015-08-27,"County Ground, Chelmsford",2,2.2,2.2,Essex,Yorkshire,NLJ Browne,ML Pettini,TT Bresnan,0,0,,,,,,,,,,,,,
804861,2015,2015-08-27,"County Ground, Chelmsford",2,2.3,2.3,Essex,Yorkshire,NLJ Browne,ML Pettini,TT Bresnan,0,0,,,,,,,run out,ML Pettini,,,TT Bresnan,,
804861,2015,2015-08-27,"County Ground, Chelmsford",2,2.4,2.4,Essex,Yorkshire,NLJ Browne,T Westley,TT Bresnan,0,0,,,,,,,,,,,,,
804861,2015,2015-08-27,"County Ground, Chelmsford",2,2.5,2.5,Essex,Yorkshire,NLJ Browne,T Westley,TT Bresnan,4,0,,,,,,,,,,,,,
804861,2015,2015-08-27,"County Ground, Chelmsford",2,2.6,2.6,Essex,Yorkshire,NLJ Browne,T Westley,TT Bresnan,0,0,,,,,,,,,,,,,
804861,2015,2015-08-27,"County Ground, Chelmsford",2,3.1,3.1,Essex,Yorkshire,T Westley,NLJ Browne,SA Patterson,1,0,,,,,,,,,,,,,
804861,2015,2015-08-27,"County Ground, Chelmsford",2,3.2,3.2,Essex,Yorkshire,NLJ Browne,T Westley,SA Patterson,2,0,,,,,,,,,,,,,
804861,2015,2015-08-27,"County Ground, Chelmsford",2,3.3,3.3,Essex,Yorkshire,NLJ Browne,T Westley,SA Patterson,4,0,,,,,,,,,,,,,
804861,2015,2015-08-27,"County Ground, Chelmsford",2,3.4,3.4,Essex,Yorkshire,NLJ Browne,T Westley,SA Patterson,0,0,,,,,,,,,,,,,
804861,2015,2015-08-27,"County Ground, Chelmsford",2,3.5,3.5,Essex,Yorkshire,NLJ Browne,T Westley,SA Patterson,0,0,,,,,,,,,,,,,
804861,2015,2015-08-27,"County Ground, Chelmsford",2,3.6,3.6,Essex,Yorkshire,NLJ Browne,T Westley,SA Patterson,1,0,,,,,,,,,,,,,
804861,2015,2015-08-27,"County Ground, Chelmsford",2,4.1,4.1,Essex,Yorkshire,NLJ Browne,T Westley,TT Bresnan,0,0,,,,,,,,,,,,,
804861,2015,2015-08-27,"County Ground, Chelmsford",2,4.2,4.2,Essex,Yorkshire,NLJ Browne,T Westley,TT Bresnan,0,0,,,,,,,,,,,,,
804861,2015,2015-08-27,"County Ground, Chelmsford",2,4.3,4.3,Essex,Yorkshire,NLJ Browne,T Westley,TT Bresnan,0,0,,,,,,,,,,,,,
804861,2015,2015-08-27,"County Ground, Chelmsford",2,4.4,4.4,Essex,Yorkshire,NLJ Browne,T Westley,TT Bresnan,4,0,,,,,,,,,,,,,
804861,2015,2015-08-27,"County Ground, Chelmsford",2,4.5,4.5,Essex,Yorkshire,NLJ Browne,T Westley,TT Bresnan,3,0,,,,,,,,,,,,,
804861,2015,2015-08-27,"County Ground, Chelmsford",2,4.6,4.6,Essex,Yorkshire,T Westley,NLJ Browne,TT Bresnan,0,0,,,,,,,,,,,,,
804861,2015,2015-08-27,"County Ground, Chelmsford",2,5.1,5.1,Essex,Yorkshire,NLJ Browne,T Westley,SA Patterson,0,0,,,,,,,,,,,,,
804861,2015,2015-08-27,"County Ground, Chelmsford",2,5.2,5.2,Essex,Yorkshire,NLJ Browne,T Westley,SA Patterson,0,0,,,,,,,,,,,,,
804861,2015,2015-08-27,"County Ground, Chelmsford",2,5.3,5.3,Essex,Yorkshire,NLJ Browne,T Westley,SA Patterson,1,0,,,,,,,,,,,,,
804861,2015,2015-08-27,"County Ground, Chelmsford",2,5.4,5.4,Essex,Yorkshire,T Westley,NLJ Browne,SA Patterson,0,0,,,,,,,,,,,,,
804861,2015,2015-08-27,"County Ground, Chelmsford",2,5.5,5.5,Essex,Yorkshire,T Westley,NLJ Browne,SA Patterson,0,0,,,,,,,,,,,,,
804861,2015,2015-08-27,"County Ground, Chelmsford",2,5.6,5.6,Essex,Yorkshire,T Westley,NLJ Browne,SA Patterson,0,0,,,,,,,,,,,,,
804861,2015,2015-08-27,"County Ground, Chelmsford",2,6.1,6.1,Essex,Yorkshire,NLJ Browne,T Westley,TT Bresnan,2,0,,,,,,,,,,,,,
804861,2015,2015-08-27,"County Ground, Chelmsford",2,6.2,6.2,Essex,Yorkshire,NLJ Browne,T Westley,TT Bresnan,0,0,,,,,,,,,,,,,
804861,2015,2015-08-27,"County Ground, Chelmsford",2,6.3,6.3,Essex,Yorkshire,NLJ Browne,T Westley,TT Bresnan,1,0,,,,,,,,,,,,,
804861,2015,2015-08-27,"County Ground, Chelmsford",2,6.4,6.4,Essex,Yorkshire,T Westley,NLJ Browne,TT Bresnan,4,0,,,,,,,,,,,,,
804861,2015,2015-08-27,"County Ground, Chelmsford",2,6.5,6.5,Essex,Yorkshire,T Westley,NLJ Browne,TT Bresnan,0,0,,,,,,,,,,,,,
804861,2015,2015-08-27,"County Ground, Chelmsford",2,6.6,6.6,Essex,Yorkshire,T Westley,NLJ Browne,TT Bresnan,0,0,,,,,,,,,,,,,
804861,2015,2015-08-27,"County Ground, Chelmsford",2,7.1,7.1,Essex,Yorkshire,NLJ Browne,T Westley,SA Patterson,0,0,,,,,,,,,,,,,
804861,2015,2015-08-27,"County Ground, Chelmsford",2,7.2,7.2,Essex,Yorkshire,NLJ Browne,T Westley,SA Patterson,0,0,,,,,,,,,,,,,
804861,2015,2015-08-27,"County Ground, Chelmsford",2,7.3,7.3,Essex,Yorkshire,NLJ Browne,T Westley,SA Patterson,1,0,,,,,,,,,,,,,
804861,2015,2015-08-27,"County Ground, Chelmsford",2,7.4,7.4,Essex,Yorkshire,T Westley,NLJ Browne,SA Patterson,0,0,,,,,,,,,,,,,
804861,2015,2015-08-27,"County Ground, Chelmsford",2,7.5,7.5,Essex,Yorkshire,T Westley,NLJ Browne,SA Patterson,0,0,,,,,,,,,,,,,
804861,2015,2015-08-27,"County Ground, Chelmsford",2,7.6,7.6,Essex,Yorkshire,T Westley,NLJ Browne,SA Patterson,0,0,,,,,,,,,,,,,
804861,2015,2015-08-27,"County Ground, Chelmsford",2,8.1,8.1,Essex,Yorkshire,NLJ Browne,T Westley,LE Plunkett,0,0,,,,,,,,,,,,,
804861,2015,2015-08-27,"County Ground, Chelmsford",2,8.2,8.2,Essex,Yorkshire,NLJ Browne,T Westley,LE Plunkett,0,0,,,,,,,,,,,,,
804861,2015,2015-08-27,"County Ground, Chelmsford",2,8.3,8.3,Essex,Yorkshire,NLJ Browne,T Westley,LE Plunkett,0,0,,,,,,,,,,,,,
804861,2015,2015-08-27,"County Ground, Chelmsford",2,8.4,8.4,Essex,Yorkshire,NLJ Browne,T Westley,LE Plunkett,1,0,,,,,,,,,,,,,
804861,2015,2015-08-27,"County Ground, Chelmsford",2,8.5,8.5,Essex,Yorkshire,T Westley,NLJ Browne,LE Plunkett,1,0,,,,,,,,,,,,,
804861,2015,2015-08-27,"County Ground, Chelmsford",2,8.6,8.6,Essex,Yorkshire,NLJ Browne,T Westley,LE Plunkett,4,0,,,,,,,,,,,,,
804861,2015,2015-08-27,"County Ground, Chelmsford",2,9.1,9.1,Essex,Yorkshire,T Westley,NLJ Browne,SA Patterson,2,0,,,,,,,,,,,,,
804861,2015,2015-08-27,"County Ground, Chelmsford",2,9.2,9.2,Essex,Yorkshire,T Westley,NLJ Browne,SA Patterson,0,0,,,,,,,,,,,,,
804861,2015,2015-08-27,"County Ground, Chelmsford",2,9.3,9.3,Essex,Yorkshire,T Westley,NLJ Browne,SA Patterson,0,0,,,,,,,,,,,,,
804861,2015,2015-08-27,"County Ground, Chelmsford",2,9.4,9.4,Essex,Yorkshire,T Westley,NLJ Browne,SA Patterson,4,0,,,,,,,,,,,,,
804861,2015,2015-08-27,"County Ground, Chelmsford",2,9.5,9.5,Essex,Yorkshire,T Westley,NLJ Browne,SA Patterson,1,0,,,,,,,,,,,,,
804861,2015,2015-08-27,"County Ground, Chelmsford",2,9.6,9.6,Essex,Yorkshire,NLJ Browne,T Westley,SA Patterson,0,0,,,,,,,,,,,,,
804861,2015,2015-08-27,"County Ground, Chelmsford",2,10.1,10.1,Essex,Yorkshire,T Westley,NLJ Browne,LE Plunkett,0,0,,,,,,,,,,,,,
804861,2015,2015-08-27,"County Ground, Chelmsford",2,10.2,10.2,Essex,Yorkshire,T Westley,NLJ Browne,LE Plunkett,0,0,,,,,,,,,,,,,
804861,2015,2015-08-27,"County Ground, Chelmsford",2,10.3,10.3,Essex,Yorkshire,T Westley,NLJ Browne,LE Plunkett,0,0,,,,,,,,,,,,,
804861,2015,2015-08-27,"County Ground, Chelmsford",2,10.4,10.4,Essex,Yorkshire,T Westley,NLJ Browne,LE Plunkett,0,1,,,,1,,,,,,,,,
804861,2015,2015-08-27,"County Ground, Chelmsford",2,10.5,10.5,Essex,Yorkshire,NLJ Browne,T Westley,LE Plunkett,0,0,,,,,,,,,,,,,
804861,2015,2015-08-27,"County Ground, Chelmsford",2,10.6,10.6,Essex,Yorkshire,NLJ Browne,T Westley,LE Plunkett,0,0,,,,,,,,,,,,,
804861,2015,2015-08-27,"County Ground, Chelmsford",2,11.1,11.1,Essex,Yorkshire,T Westley,NLJ Browne,MD Fisher,0,0,,,,,,,,,,,,,
804861,2015,2015-08-27,"County Ground, Chelmsford",2,11.2,11.2,Essex,Yorkshire,T Westley,NLJ Browne,MD Fisher,4,0,,,,,,,,,,,,,
804861,2015,2015-08-27,"County Ground, Chelmsford",2,11.3,11.3,Essex,Yorkshire,T Westley,NLJ Browne,MD Fisher,0,0,,,,,,,,,,,,,
804861,2015,2015-08-27,"County Ground, Chelmsford",2,11.4,11.4,Essex,Yorkshire,T Westley,NLJ Browne,MD Fisher,1,0,,,,,,,,,,,,,
804861,2015,2015-08-27,"County Ground, Chelmsford",2,11.5,11.5,Essex,Yorkshire,NLJ Browne,T Westley,MD Fisher,0,0,,,,,,,,,,,,,
804861,2015,2015-08-27,"County Ground, Chelmsford",2,11.6,11.6,Essex,Yorkshire,NLJ Browne,T Westley,MD Fisher,0,0,,,,,,,,,,,,,
804861,2015,2015-08-27,"County Ground, Chelmsford",2,12.1,12.1,Essex,Yorkshire,T Westley,NLJ Browne,LE Plunkett,0,0,,,,,,,,,,,,,
804861,2015,2015-08-27,"County Ground, Chelmsford",2,12.2,12.2,Essex,Yorkshire,T Westley,NLJ Browne,LE Plunkett,0,0,,,,,,,,,,,,,
804861,2015,2015-08-27,"County Ground, Chelmsford",2,12.3,12.3,Essex,Yorkshire,T Westley,NLJ Browne,LE Plunkett,4,0,,,,,,,,,,,,,
804861,2015,2015-08-27,"County Ground, Chelmsford",2,12.4,12.4,Essex,Yorkshire,T Westley,NLJ Browne,LE Plunkett,0,0,,,,,,,,,,,,,
804861,2015,2015-08-27,"County Ground, Chelmsford",2,12.5,12.5,Essex,Yorkshire,T Westley,NLJ Browne,LE Plunkett,6,0,,,,,,,,,,,,,
804861,2015,2015-08-27,"County Ground, Chelmsford",2,12.6,12.6,Essex,Yorkshire,T Westley,NLJ Browne,LE Plunkett,0,0,,,,,,,,,,,,,
804861,2015,2015-08-27,"County Ground, Chelmsford",2,13.1,13.1,Essex,Yorkshire,NLJ Browne,T Westley,MD Fisher,0,0,,,,,,,,,,,,,
804861,2015,2015-08-27,"County Ground, Chelmsford",2,13.2,13.2,Essex,Yorkshire,NLJ Browne,T Westley,MD Fisher,0,1,1,,,,,,,,,,,,
804861,2015,2015-08-27,"County Ground, Chelmsford",2,13.3,13.2,Essex,Yorkshire,NLJ Browne,T Westley,MD Fisher,0,0,,,,,,,,,,,,,
804861,2015,2015-08-27,"County Ground, Chelmsford",2,13.4,13.3,Essex,Yorkshire,NLJ Browne,T Westley,MD Fisher,1,0,,,,,,,,,,,,,
804861,2015,2015-08-27,"County Ground, Chelmsford",2,13.5,13.4,Essex,Yorkshire,T Westley,NLJ Browne,MD Fisher,1,0,,,,,,,,,,,,,
804861,2015,2015-08-27,"County Ground, Chelmsford",2,13.6,13.5,Essex,Yorkshire,NLJ Browne,T Westley,MD Fisher,0,0,,,,,,,,,,,,,
804861,2015,2015-08-27,"County Ground, Chelmsford",2,13.7,13.6,Essex,Yorkshire,NLJ Browne,T Westley,MD Fisher,0,0,,,,,,,,,,,,,
804861,2015,2015-08-27,"County Ground, Chelmsford",2,14.1,14.1,Essex,Yorkshire,T Westley,NLJ Browne,LE Plunkett,2,0,,,,,,,,,,,,,
804861,2015,2015-08-27,"County Ground, Chelmsford",2,14.2,14.2,Essex,Yorkshire,T Westley,NLJ Browne,LE Plunkett,0,0,,,,,,,,,,,,,
804861,2015,2015-08-27,"County Ground, Chelmsford",2,14.3,14.3,Essex,Yorkshire,T Westley,NLJ Browne,LE Plunkett,0,0,,,,,,,,,,,,,
804861,2015,2015-08-27,"County Ground, Chelmsford",2,14.4,14.4,Essex,Yorkshire,T Westley,NLJ Browne,LE Plunkett,1,0,,,,,,,,,,,,,
804861,2015,2015-08-27,"County Ground, Chelmsford",2,14.5,14.5,Essex,Yorkshire,NLJ Browne,T Westley,LE Plunkett,1,0,,,,,,,,,,,,,
804861,2015,2015-08-27,"County Ground, Chelmsford",2,14.6,14.6,Essex,Yorkshire,T Westley,NLJ Browne,LE Plunkett,0,0,,,,,,,,,,,,,
804861,2015,2015-08-27,"County Ground, Chelmsford",2,15.1,15.1,Essex,Yorkshire,NLJ Browne,T Westley,MD Fisher,1,0,,,,,,,,,,,,,
804861,2015,2015-08-27,"County Ground, Chelmsford",2,15.2,15.2,Essex,Yorkshire,T Westley,NLJ Browne,MD Fisher,0,0,,,,,,,,,,,,,
804861,2015,2015-08-27,"County Ground, Chelmsford",2,15.3,15.3,Essex,Yorkshire,T Westley,NLJ Browne,MD Fisher,1,0,,,,,,,,,,,,,
804861,2015,2015-08-27,"County Ground, Chelmsford",2,15.4,15.4,Essex,Yorkshire,NLJ Browne,T Westley,MD Fisher,1,0,,,,,,,,,,,,,
804861,2015,2015-08-27,"County Ground, Chelmsford",2,15.5,15.5,Essex,Yorkshire,T Westley,NLJ Browne,MD Fisher,2,0,,,,,,,,,,,,,
804861,2015,2015-08-27,"County Ground, Chelmsford",2,15.6,15.6,Essex,Yorkshire,T Westley,NLJ Browne,MD Fisher,1,0,,,,,,,,,,,,,
804861,2015,2015-08-27,"County Ground, Chelmsford",2,16.1,16.1,Essex,Yorkshire,T Westley,NLJ Browne,LE Plunkett,0,0,,,,,,,,,,,,,
804861,2015,2015-08-27,"County Ground, Chelmsford",2,16.2,16.2,Essex,Yorkshire,T Westley,NLJ Browne,LE Plunkett,0,0,,,,,,,,,,,,,
804861,2015,2015-08-27,"County Ground, Chelmsford",2,16.3,16.3,Essex,Yorkshire,T Westley,NLJ Browne,LE Plunkett,6,0,,,,,,,,,,,,,
804861,2015,2015-08-27,"County Ground, Chelmsford",2,16.4,16.4,Essex,Yorkshire,T Westley,NLJ Browne,LE Plunkett,1,0,,,,,,,,,,,,,
804861,2015,2015-08-27,"County Ground, Chelmsford",2,16.5,16.5,Essex,Yorkshire,NLJ Browne,T Westley,LE Plunkett,1,0,,,,,,,,,,,,,
804861,2015,2015-08-27,"County Ground, Chelmsford",2,16.6,16.6,Essex,Yorkshire,T Westley,NLJ Browne,LE Plunkett,2,0,,,,,,,,,,,,,
804861,2015,2015-08-27,"County Ground, Chelmsford",2,17.1,17.1,Essex,Yorkshire,NLJ Browne,T Westley,AU Rashid,0,0,,,,,,,,,,,,,
804861,2015,2015-08-27,"County Ground, Chelmsford",2,17.2,17.2,Essex,Yorkshire,NLJ Browne,T Westley,AU Rashid,1,0,,,,,,,,,,,,,
804861,2015,2015-08-27,"County Ground, Chelmsford",2,17.3,17.3,Essex,Yorkshire,T Westley,NLJ Browne,AU Rashid,0,0,,,,,,,,,,,,,
804861,2015,2015-08-27,"County Ground, Chelmsford",2,17.4,17.4,Essex,Yorkshire,T Westley,NLJ Browne,AU Rashid,0,0,,,,,,,,,,,,,
804861,2015,2015-08-27,"County Ground, Chelmsford",2,17.5,17.5,Essex,Yorkshire,T Westley,NLJ Browne,AU Rashid,1,0,,,,,,,,,,,,,
804861,2015,2015-08-27,"County Ground, Chelmsford",2,17.6,17.6,Essex,Yorkshire,NLJ Browne,T Westley,AU Rashid,1,0,,,,,,,,,,,,,
804861,2015,2015-08-27,"County Ground, Chelmsford",2,18.1,18.1,Essex,Yorkshire,NLJ Browne,T Westley,LE Plunkett,1,0,,,,,,,,,,,,,
804861,2015,2015-08-27,"County Ground, Chelmsford",2,18.2,18.2,Essex,Yorkshire,T Westley,NLJ Browne,LE Plunkett,0,0,,,,,,,,,,,,,
804861,2015,2015-08-27,"County Ground, Chelmsford",2,18.3,18.3,Essex,Yorkshire,T Westley,NLJ Browne,LE Plunkett,4,0,,,,,,,,,,,,,
804861,2015,2015-08-27,"County Ground, Chelmsford",2,18.4,18.4,Essex,Yorkshire,T Westley,NLJ Browne,LE Plunkett,0,0,,,,,,,,,,,,,
804861,2015,2015-08-27,"County Ground, Chelmsford",2,18.5,18.5,Essex,Yorkshire,T Westley,NLJ Browne,LE Plunkett,4,0,,,,,,,,,,,,,
804861,2015,2015-08-27,"County Ground, Chelmsford",2,18.6,18.6,Essex,Yorkshire,T Westley,NLJ Browne,LE Plunkett,0,0,,,,,,,bowled,T Westley,,,,,
804861,2015,2015-08-27,"County Ground, Chelmsford",2,19.1,19.1,Essex,Yorkshire,NLJ Browne,RS Bopara,AU Rashid,0,0,,,,,,,,,,,,,
804861,2015,2015-08-27,"County Ground, Chelmsford",2,19.2,19.2,Essex,Yorkshire,NLJ Browne,RS Bopara,AU Rashid,0,0,,,,,,,,,,,,,
804861,2015,2015-08-27,"County Ground, Chelmsford",2,19.3,19.3,Essex,Yorkshire,NLJ Browne,RS Bopara,AU Rashid,0,0,,,,,,,caught,NLJ Browne,,,LE Plunkett,,
804861,2015,2015-08-27,"County Ground, Chelmsford",2,19.4,19.4,Essex,Yorkshire,JD Ryder,RS Bopara,AU Rashid,1,0,,,,,,,,,,,,,
804861,2015,2015-08-27,"County Ground, Chelmsford",2,19.5,19.5,Essex,Yorkshire,RS Bopara,JD Ryder,AU Rashid,0,0,,,,,,,,,,,,,
804861,2015,2015-08-27,"County Ground, Chelmsford",2,19.6,19.6,Essex,Yorkshire,RS Bopara,JD Ryder,AU Rashid,0,0,,,,,,,,,,,,,
804861,2015,2015-08-27,"County Ground, Chelmsford",2,20.1,20.1,Essex,Yorkshire,JD Ryder,RS Bopara,LE Plunkett,2,0,,,,,,,,,,,,,
804861,2015,2015-08-27,"County Ground, Chelmsford",2,20.2,20.2,Essex,Yorkshire,JD Ryder,RS Bopara,LE Plunkett,0,1,,,,1,,,,,,,,,
804861,2015,2015-08-27,"County Ground, Chelmsford",2,20.3,20.3,Essex,Yorkshire,RS Bopara,JD Ryder,LE Plunkett,1,0,,,,,,,,,,,,,
804861,2015,2015-08-27,"County Ground, Chelmsford",2,20.4,20.4,Essex,Yorkshire,JD Ryder,RS Bopara,LE Plunkett,0,0,,,,,,,bowled,JD Ryder,,,,,
804861,2015,2015-08-27,"County Ground, Chelmsford",2,20.5,20.5,Essex,Yorkshire,RN ten Doeschate,RS Bopara,LE Plunkett,1,0,,,,,,,,,,,,,
804861,2015,2015-08-27,"County Ground, Chelmsford",2,20.6,20.6,Essex,Yorkshire,RS Bopara,RN ten Doeschate,LE Plunkett,0,0,,,,,,,,,,,,,
804861,2015,2015-08-27,"County Ground, Chelmsford",2,21.1,21.1,Essex,Yorkshire,RN ten Doeschate,RS Bopara,AU Rashid,0,0,,,,,,,,,,,,,
804861,2015,2015-08-27,"County Ground, Chelmsford",2,21.2,21.2,Essex,Yorkshire,RN ten Doeschate,RS Bopara,AU Rashid,4,0,,,,,,,,,,,,,
804861,2015,2015-08-27,"County Ground, Chelmsford",2,21.3,21.3,Essex,Yorkshire,RN ten Doeschate,RS Bopara,AU Rashid,0,0,,,,,,,,,,,,,
804861,2015,2015-08-27,"County Ground, Chelmsford",2,21.4,21.4,Essex,Yorkshire,RN ten Doeschate,RS Bopara,AU Rashid,1,0,,,,,,,,,,,,,
804861,2015,2015-08-27,"County Ground, Chelmsford",2,21.5,21.5,Essex,Yorkshire,RS Bopara,RN ten Doeschate,AU Rashid,1,0,,,,,,,,,,,,,
804861,2015,2015-08-27,"County Ground, Chelmsford",2,21.6,21.6,Essex,Yorkshire,RN ten Doeschate,RS Bopara,AU Rashid,0,0,,,,,,,,,,,,,
804861,2015,2015-08-27,"County Ground, Chelmsford",2,22.1,22.1,Essex,Yorkshire,RS Bopara,RN ten Doeschate,LE Plunkett,1,0,,,,,,,,,,,,,
804861,2015,2015-08-27,"County Ground, Chelmsford",2,22.2,22.2,Essex,Yorkshire,RN ten Doeschate,RS Bopara,LE Plunkett,4,0,,,,,,,,,,,,,
804861,2015,2015-08-27,"County Ground, Chelmsford",2,22.3,22.3,Essex,Yorkshire,RN ten Doeschate,RS Bopara,LE Plunkett,1,0,,,,,,,,,,,,,
804861,2015,2015-08-27,"County Ground, Chelmsford",2,22.4,22.4,Essex,Yorkshire,RS Bopara,RN ten Doeschate,LE Plunkett,0,0,,,,,,,,,,,,,
804861,2015,2015-08-27,"County Ground, Chelmsford",2,22.5,22.5,Essex,Yorkshire,RS Bopara,RN ten Doeschate,LE Plunkett,4,0,,,,,,,,,,,,,
804861,2015,2015-08-27,"County Ground, Chelmsford",2,22.6,22.6,Essex,Yorkshire,RS Bopara,RN ten Doeschate,LE Plunkett,2,0,,,,,,,,,,,,,
804861,2015,2015-08-27,"County Ground, Chelmsford",2,23.1,23.1,Essex,Yorkshire,RN ten Doeschate,RS Bopara,AU Rashid,0,0,,,,,,,,,,,,,
804861,2015,2015-08-27,"County Ground, Chelmsford",2,23.2,23.2,Essex,Yorkshire,RN ten Doeschate,RS Bopara,AU Rashid,0,0,,,,,,,,,,,,,
804861,2015,2015-08-27,"County Ground, Chelmsford",2,23.3,23.3,Essex,Yorkshire,RN ten Doeschate,RS Bopara,AU Rashid,1,0,,,,,,,,,,,,,
804861,2015,2015-08-27,"County Ground, Chelmsford",2,23.4,23.4,Essex,Yorkshire,RS Bopara,RN ten Doeschate,AU Rashid,4,0,,,,,,,,,,,,,
804861,2015,2015-08-27,"County Ground, Chelmsford",2,23.5,23.5,Essex,Yorkshire,RS Bopara,RN ten Doeschate,AU Rashid,4,0,,,,,,,,,,,,,
804861,2015,2015-08-27,"County Ground, Chelmsford",2,23.6,23.6,Essex,Yorkshire,RS Bopara,RN ten Doeschate,AU Rashid,0,0,,,,,,,,,,,,,
804861,2015,2015-08-27,"County Ground, Chelmsford",2,24.1,24.1,Essex,Yorkshire,RN ten Doeschate,RS Bopara,LE Plunkett,1,0,,,,,,,,,,,,,
804861,2015,2015-08-27,"County Ground, Chelmsford",2,24.2,24.2,Essex,Yorkshire,RS Bopara,RN ten Doeschate,LE Plunkett,0,0,,,,,,,caught,RS Bopara,,,JM Bairstow,,
804861,2015,2015-08-27,"County Ground, Chelmsford",2,24.3,24.3,Essex,Yorkshire,JS Foster,RN ten Doeschate,LE Plunkett,0,0,,,,,,,,,,,,,
804861,2015,2015-08-27,"County Ground, Chelmsford",2,24.4,24.4,Essex,Yorkshire,JS Foster,RN ten Doeschate,LE Plunkett,0,0,,,,,,,,,,,,,
804861,2015,2015-08-27,"County Ground, Chelmsford",2,24.5,24.5,Essex,Yorkshire,JS Foster,RN ten Doeschate,LE Plunkett,0,0,,,,,,,,,,,,,
804861,2015,2015-08-27,"County Ground, Chelmsford",2,24.6,24.6,Essex,Yorkshire,JS Foster,RN ten Doeschate,LE Plunkett,0,0,,,,,,,,,,,,,
804861,2015,2015-08-27,"County Ground, Chelmsford",2,25.1,25.1,Essex,Yorkshire,RN ten Doeschate,JS Foster,AU Rashid,0,0,,,,,,,,,,,,,
804861,2015,2015-08-27,"County Ground, Chelmsford",2,25.2,25.2,Essex,Yorkshire,RN ten Doeschate,JS Foster,AU Rashid,1,0,,,,,,,,,,,,,
804861,2015,2015-08-27,"County Ground, Chelmsford",2,25.3,25.3,Essex,Yorkshire,JS Foster,RN ten Doeschate,AU Rashid,0,0,,,,,,,,,,,,,
804861,2015,2015-08-27,"County Ground, Chelmsford",2,25.4,25.4,Essex,Yorkshire,JS Foster,RN ten Doeschate,AU Rashid,1,0,,,,,,,,,,,,,
804861,2015,2015-08-27,"County Ground, Chelmsford",2,25.5,25.5,Essex,Yorkshire,RN ten Doeschate,JS Foster,AU Rashid,0,0,,,,,,,,,,,,,
804861,2015,2015-08-27,"County Ground, Chelmsford",2,25.6,25.6,Essex,Yorkshire,RN ten Doeschate,JS Foster,AU Rashid,0,0,,,,,,,,,,,,,
804861,2015,2015-08-27,"County Ground, Chelmsford",2,26.1,26.1,Essex,Yorkshire,JS Foster,RN ten Doeschate,LE Plunkett,1,0,,,,,,,,,,,,,
804861,2015,2015-08-27,"County Ground, Chelmsford",2,26.2,26.2,Essex,Yorkshire,RN ten Doeschate,JS Foster,LE Plunkett,0,0,,,,,,,,,,,,,
804861,2015,2015-08-27,"County Ground, Chelmsford",2,26.3,26.3,Essex,Yorkshire,RN ten Doeschate,JS Foster,LE Plunkett,0,0,,,,,,,,,,,,,
804861,2015,2015-08-27,"County Ground, Chelmsford",2,26.4,26.4,Essex,Yorkshire,RN ten Doeschate,JS Foster,LE Plunkett,1,0,,,,,,,,,,,,,
804861,2015,2015-08-27,"County Ground, Chelmsford",2,26.5,26.5,Essex,Yorkshire,JS Foster,RN ten Doeschate,LE Plunkett,0,0,,,,,,,,,,,,,
804861,2015,2015-08-27,"County Ground, Chelmsford",2,26.6,26.6,Essex,Yorkshire,JS Foster,RN ten Doeschate,LE Plunkett,0,0,,,,,,,,,,,,,
804861,2015,2015-08-27,"County Ground, Chelmsford",2,27.1,27.1,Essex,Yorkshire,RN ten Doeschate,JS Foster,AU Rashid,0,0,,,,,,,,,,,,,
804861,2015,2015-08-27,"County Ground, Chelmsford",2,27.2,27.2,Essex,Yorkshire,RN ten Doeschate,JS Foster,AU Rashid,1,0,,,,,,,,,,,,,
804861,2015,2015-08-27,"County Ground, Chelmsford",2,27.3,27.3,Essex,Yorkshire,JS Foster,RN ten Doeschate,AU Rashid,2,0,,,,,,,,,,,,,
804861,2015,2015-08-27,"County Ground, Chelmsford",2,27.4,27.4,Essex,Yorkshire,JS Foster,RN ten Doeschate,AU Rashid,0,0,,,,,,,,,,,,,
804861,2015,2015-08-27,"County Ground, Chelmsford",2,27.5,27.5,Essex,Yorkshire,JS Foster,RN ten Doeschate,AU Rashid,1,0,,,,,,,,,,,,,
804861,2015,2015-08-27,"County Ground, Chelmsford",2,27.6,27.6,Essex,Yorkshire,RN ten Doeschate,JS Foster,AU Rashid,0,0,,,,,,,,,,,,,
804861,2015,2015-08-27,"County Ground, Chelmsford",2,28.1,28.1,Essex,Yorkshire,JS Foster,RN ten Doeschate,TT Bresnan,1,0,,,,,,,,,,,,,
804861,2015,2015-08-27,"County Ground, Chelmsford",2,28.2,28.2,Essex,Yorkshire,RN ten Doeschate,JS Foster,TT Bresnan,1,0,,,,,,,,,,,,,
804861,2015,2015-08-27,"County Ground, Chelmsford",2,28.3,28.3,Essex,Yorkshire,JS Foster,RN ten Doeschate,TT Bresnan,0,0,,,,,,,,,,,,,
804861,2015,2015-08-27,"County Ground, Chelmsford",2,28.4,28.4,Essex,Yorkshire,JS Foster,RN ten Doeschate,TT Bresnan,0,0,,,,,,,,,,,,,
804861,2015,2015-08-27,"County Ground, Chelmsford",2,28.5,28.5,Essex,Yorkshire,JS Foster,RN ten Doeschate,TT Bresnan,0,0,,,,,,,,,,,,,
804861,2015,2015-08-27,"County Ground, Chelmsford",2,28.6,28.6,Essex,Yorkshire,JS Foster,RN ten Doeschate,TT Bresnan,0,0,,,,,,,,,,,,,
804861,2015,2015-08-27,"County Ground, Chelmsford",2,29.1,29.1,Essex,Yorkshire,RN ten Doeschate,JS Foster,AU Rashid,0,0,,,,,,,,,,,,,
804861,2015,2015-08-27,"County Ground, Chelmsford",2,29.2,29.2,Essex,Yorkshire,RN ten Doeschate,JS Foster,AU Rashid,0,0,,,,,,,,,,,,,
804861,2015,2015-08-27,"County Ground, Chelmsford",2,29.3,29.3,Essex,Yorkshire,RN ten Doeschate,JS Foster,AU Rashid,0,0,,,,,,,,,,,,,
804861,2015,2015-08-27,"County Ground, Chelmsford",2,29.4,29.4,Essex,Yorkshire,RN ten Doeschate,JS Foster,AU Rashid,0,0,,,,,,,,,,,,,
804861,2015,2015-08-27,"County Ground, Chelmsford",2,29.5,29.5,Essex,Yorkshire,RN ten Doeschate,JS Foster,AU Rashid,0,0,,,,,,,,,,,,,
804861,2015,2015-08-27,"County Ground, Chelmsford",2,29.6,29.6,Essex,Yorkshire,RN ten Doeschate,JS Foster,AU Rashid,4,0,,,,,,,,,,,,,
804861,2015,2015-08-27,"County Ground, Chelmsford",2,30.1,30.1,Essex,Yorkshire,JS Foster,RN ten Doeschate,TT Bresnan,1,0,,,,,,,,,,,,,
804861,2015,2015-08-27,"County Ground, Chelmsford",2,30.2,30.2,Essex,Yorkshire,RN ten Doeschate,JS Foster,TT Bresnan,0,0,,,,,,,,,,,,,
804861,2015,2015-08-27,"County Ground, Chelmsford",2,30.3,30.3,Essex,Yorkshire,RN ten Doeschate,JS Foster,TT Bresnan,1,0,,,,,,,,,,,,,
804861,2015,2015-08-27,"County Ground, Chelmsford",2,30.4,30.4,Essex,Yorkshire,JS Foster,RN ten Doeschate,TT Bresnan,1,0,,,,,,,,,,,,,
804861,2015,2015-08-27,"County Ground, Chelmsford",2,30.5,30.5,Essex,Yorkshire,RN ten Doeschate,JS Foster,TT Bresnan,1,0,,,,,,,,,,,,,
804861,2015,2015-08-27,"County Ground, Chelmsford",2,30.6,30.6,Essex,Yorkshire,JS Foster,RN ten Doeschate,TT Bresnan,2,0,,,,,,,,,,,,,
804861,2015,2015-08-27,"County Ground, Chelmsford",2,31.1,31.1,Essex,Yorkshire,RN ten Doeschate,JS Foster,AU Rashid,4,0,,,,,,,,,,,,,
804861,2015,2015-08-27,"County Ground, Chelmsford",2,31.2,31.2,Essex,Yorkshire,RN ten Doeschate,JS Foster,AU Rashid,0,0,,,,,,,,,,,,,
804861,2015,2015-08-27,"County Ground, Chelmsford",2,31.3,31.3,Essex,Yorkshire,RN ten Doeschate,JS Foster,AU Rashid,0,0,,,,,,,,,,,,,
804861,2015,2015-08-27,"County Ground, Chelmsford",2,31.4,31.4,Essex,Yorkshire,RN ten Doeschate,JS Foster,AU Rashid,1,0,,,,,,,,,,,,,
804861,2015,2015-08-27,"County Ground, Chelmsford",2,31.5,31.5,Essex,Yorkshire,JS Foster,RN ten Doeschate,AU Rashid,0,0,,,,,,,,,,,,,
804861,2015,2015-08-27,"County Ground, Chelmsford",2,31.6,31.6,Essex,Yorkshire,JS Foster,RN ten Doeschate,AU Rashid,0,0,,,,,,,,,,,,,
804861,2015,2015-08-27,"County Ground, Chelmsford",2,32.1,32.1,Essex,Yorkshire,RN ten Doeschate,JS Foster,TT Bresnan,0,0,,,,,,,,,,,,,
804861,2015,2015-08-27,"County Ground, Chelmsford",2,32.2,32.2,Essex,Yorkshire,RN ten Doeschate,JS Foster,TT Bresnan,0,0,,,,,,,,,,,,,
804861,2015,2015-08-27,"County Ground, Chelmsford",2,32.3,32.3,Essex,Yorkshire,RN ten Doeschate,JS Foster,TT Bresnan,0,0,,,,,,,,,,,,,
804861,2015,2015-08-27,"County Ground, Chelmsford",2,32.4,32.4,Essex,Yorkshire,RN ten Doeschate,JS Foster,TT Bresnan,1,0,,,,,,,,,,,,,
804861,2015,2015-08-27,"County Ground, Chelmsford",2,32.5,32.5,Essex,Yorkshire,JS Foster,RN ten Doeschate,TT Bresnan,4,0,,,,,,,,,,,,,
804861,2015,2015-08-27,"County Ground, Chelmsford",2,32.6,32.6,Essex,Yorkshire,JS Foster,RN ten Doeschate,TT Bresnan,1,0,,,,,,,,,,,,,
804861,2015,2015-08-27,"County Ground, Chelmsford",2,33.1,33.1,Essex,Yorkshire,JS Foster,RN ten Doeschate,SA Patterson,1,0,,,,,,,,,,,,,
804861,2015,2015-08-27,"County Ground, Chelmsford",2,33.2,33.2,Essex,Yorkshire,RN ten Doeschate,JS Foster,SA Patterson,2,0,,,,,,,,,,,,,
804861,2015,2015-08-27,"County Ground, Chelmsford",2,33.3,33.3,Essex,Yorkshire,RN ten Doeschate,JS Foster,SA Patterson,0,0,,,,,,,,,,,,,
804861,2015,2015-08-27,"County Ground, Chelmsford",2,33.4,33.4,Essex,Yorkshire,RN ten Doeschate,JS Foster,SA Patterson,0,0,,,,,,,,,,,,,
804861,2015,2015-08-27,"County Ground, Chelmsford",2,33.5,33.5,Essex,Yorkshire,RN ten Doeschate,JS Foster,SA Patterson,0,0,,,,,,,,,,,,,
804861,2015,2015-08-27,"County Ground, Chelmsford",2,33.6,33.6,Essex,Yorkshire,RN ten Doeschate,JS Foster,SA Patterson,0,0,,,,,,,,,,,,,
804861,2015,2015-08-27,"County Ground, Chelmsford",2,34.1,34.1,Essex,Yorkshire,JS Foster,RN ten Doeschate,WMH Rhodes,1,0,,,,,,,,,,,,,
804861,2015,2015-08-27,"County Ground, Chelmsford",2,34.2,34.2,Essex,Yorkshire,RN ten Doeschate,JS Foster,WMH Rhodes,1,0,,,,,,,,,,,,,
804861,2015,2015-08-27,"County Ground, Chelmsford",2,34.3,34.3,Essex,Yorkshire,JS Foster,RN ten Doeschate,WMH Rhodes,1,0,,,,,,,,,,,,,
804861,2015,2015-08-27,"County Ground, Chelmsford",2,34.4,34.4,Essex,Yorkshire,RN ten Doeschate,JS Foster,WMH Rhodes,0,0,,,,,,,,,,,,,
804861,2015,2015-08-27,"County Ground, Chelmsford",2,34.5,34.5,Essex,Yorkshire,RN ten Doeschate,JS Foster,WMH Rhodes,0,0,,,,,,,,,,,,,
804861,2015,2015-08-27,"County Ground, Chelmsford",2,34.6,34.6,Essex,Yorkshire,RN ten Doeschate,JS Foster,WMH Rhodes,0,0,,,,,,,,,,,,,
804861,2015,2015-08-27,"County Ground, Chelmsford",2,35.1,35.1,Essex,Yorkshire,JS Foster,RN ten Doeschate,SA Patterson,0,0,,,,,,,,,,,,,
804861,2015,2015-08-27,"County Ground, Chelmsford",2,35.2,35.2,Essex,Yorkshire,JS Foster,RN ten Doeschate,SA Patterson,0,0,,,,,,,,,,,,,
804861,2015,2015-08-27,"County Ground, Chelmsford",2,35.3,35.3,Essex,Yorkshire,JS Foster,RN ten Doeschate,SA Patterson,0,1,,,,1,,,,,,,,,
804861,2015,2015-08-27,"County Ground, Chelmsford",2,35.4,35.4,Essex,Yorkshire,RN ten Doeschate,JS Foster,SA Patterson,2,0,,,,,,,,,,,,,
804861,2015,2015-08-27,"County Ground, Chelmsford",2,35.5,35.5,Essex,Yorkshire,RN ten Doeschate,JS Foster,SA Patterson,1,0,,,,,,,,,,,,,
804861,2015,2015-08-27,"County Ground, Chelmsford",2,35.6,35.6,Essex,Yorkshire,JS Foster,RN ten Doeschate,SA Patterson,2,0,,,,,,,,,,,,,
804861,2015,2015-08-27,"County Ground, Chelmsford",2,36.1,36.1,Essex,Yorkshire,RN ten Doeschate,JS Foster,WMH Rhodes,1,0,,,,,,,,,,,,,
804861,2015,2015-08-27,"County Ground, Chelmsford",2,36.2,36.2,Essex,Yorkshire,JS Foster,RN ten Doeschate,WMH Rhodes,0,0,,,,,,,,,,,,,
804861,2015,2015-08-27,"County Ground, Chelmsford",2,36.3,36.3,Essex,Yorkshire,JS Foster,RN ten Doeschate,WMH Rhodes,6,0,,,,,,,,,,,,,
804861,2015,2015-08-27,"County Ground, Chelmsford",2,36.4,36.4,Essex,Yorkshire,JS Foster,RN ten Doeschate,WMH Rhodes,0,0,,,,,,,,,,,,,
804861,2015,2015-08-27,"County Ground, Chelmsford",2,36.5,36.5,Essex,Yorkshire,JS Foster,RN ten Doeschate,WMH Rhodes,1,0,,,,,,,,,,,,,
804861,2015,2015-08-27,"County Ground, Chelmsford",2,36.6,36.6,Essex,Yorkshire,RN ten Doeschate,JS Foster,WMH Rhodes,4,0,,,,,,,,,,,,,
804861,2015,2015-08-27,"County Ground, Chelmsford",2,37.1,37.1,Essex,Yorkshire,JS Foster,RN ten Doeschate,MD Fisher,1,0,,,,,,,,,,,,,
804861,2015,2015-08-27,"County Ground, Chelmsford",2,37.2,37.2,Essex,Yorkshire,RN ten Doeschate,JS Foster,MD Fisher,1,0,,,,,,,,,,,,,
804861,2015,2015-08-27,"County Ground, Chelmsford",2,37.3,37.3,Essex,Yorkshire,JS Foster,RN ten Doeschate,MD Fisher,0,0,,,,,,,,,,,,,
804861,2015,2015-08-27,"County Ground, Chelmsford",2,37.4,37.4,Essex,Yorkshire,JS Foster,RN ten Doeschate,MD Fisher,1,0,,,,,,,,,,,,,
804861,2015,2015-08-27,"County Ground, Chelmsford",2,37.5,37.5,Essex,Yorkshire,RN ten Doeschate,JS Foster,MD Fisher,1,0,,,,,,,,,,,,,
804861,2015,2015-08-27,"County Ground, Chelmsford",2,37.6,37.6,Essex,Yorkshire,JS Foster,RN ten Doeschate,MD Fisher,1,0,,,,,,,,,,,,,
804861,2015,2015-08-27,"County Ground, Chelmsford",2,38.1,38.1,Essex,Yorkshire,JS Foster,RN ten Doeschate,WMH Rhodes,0,0,,,,,,,,,,,,,
804861,2015,2015-08-27,"County Ground, Chelmsford",2,38.2,38.2,Essex,Yorkshire,JS Foster,RN ten Doeschate,WMH Rhodes,0,0,,,,,,,caught,JS Foster,,,JA Leaning,,
804861,2015,2015-08-27,"County Ground, Chelmsford",2,38.3,38.3,Essex,Yorkshire,ASS Nijjar,RN ten Doeschate,WMH Rhodes,0,0,,,,,,,,,,,,,
804861,2015,2015-08-27,"County Ground, Chelmsford",2,38.4,38.4,Essex,Yorkshire,ASS Nijjar,RN ten Doeschate,WMH Rhodes,0,0,,,,,,,,,,,,,
804861,2015,2015-08-27,"County Ground, Chelmsford",2,38.5,38.5,Essex,Yorkshire,ASS Nijjar,RN ten Doeschate,WMH Rhodes,0,0,,,,,,,,,,,,,
804861,2015,2015-08-27,"County Ground, Chelmsford",2,38.6,38.6,Essex,Yorkshire,ASS Nijjar,RN ten Doeschate,WMH Rhodes,1,0,,,,,,,,,,,,,
804861,2015,2015-08-27,"County Ground, Chelmsford",2,39.1,39.1,Essex,Yorkshire,ASS Nijjar,RN ten Doeschate,MD Fisher,0,0,,,,,,,,,,,,,
804861,2015,2015-08-27,"County Ground, Chelmsford",2,39.2,39.2,Essex,Yorkshire,ASS Nijjar,RN ten Doeschate,MD Fisher,1,0,,,,,,,,,,,,,
804861,2015,2015-08-27,"County Ground, Chelmsford",2,39.3,39.3,Essex,Yorkshire,RN ten Doeschate,ASS Nijjar,MD Fisher,1,0,,,,,,,,,,,,,
804861,2015,2015-08-27,"County Ground, Chelmsford",2,39.4,39.4,Essex,Yorkshire,ASS Nijjar,RN ten Doeschate,MD Fisher,0,0,,,,,,,,,,,,,
804861,2015,2015-08-27,"County Ground, Chelmsford",2,39.5,39.5,Essex,Yorkshire,ASS Nijjar,RN ten Doeschate,MD Fisher,1,0,,,,,,,,,,,,,
804861,2015,2015-08-27,"County Ground, Chelmsford",2,39.6,39.6,Essex,Yorkshire,RN ten Doeschate,ASS Nijjar,MD Fisher,4,0,,,,,,,,,,,,,
804861,2015,2015-08-27,"County Ground, Chelmsford",2,40.1,40.1,Essex,Yorkshire,ASS Nijjar,RN ten Doeschate,WMH Rhodes,0,0,,,,,,,,,,,,,
804861,2015,2015-08-27,"County Ground, Chelmsford",2,40.2,40.2,Essex,Yorkshire,ASS Nijjar,RN ten Doeschate,WMH Rhodes,0,0,,,,,,,,,,,,,
804861,2015,2015-08-27,"County Ground, Chelmsford",2,40.3,40.3,Essex,Yorkshire,ASS Nijjar,RN ten Doeschate,WMH Rhodes,0,0,,,,,,,,,,,,,
804861,2015,2015-08-27,"County Ground, Chelmsford",2,40.4,40.4,Essex,Yorkshire,ASS Nijjar,RN ten Doeschate,WMH Rhodes,1,0,,,,,,,,,,,,,
804861,2015,2015-08-27,"County Ground, Chelmsford",2,40.5,40.5,Essex,Yorkshire,RN ten Doeschate,ASS Nijjar,WMH Rhodes,0,0,,,,,,,,,,,,,
804861,2015,2015-08-27,"County Ground, Chelmsford",2,40.6,40.6,Essex,Yorkshire,RN ten Doeschate,ASS Nijjar,WMH Rhodes,0,0,,,,,,,,,,,,,
804861,2015,2015-08-27,"County Ground, Chelmsford",2,41.1,41.1,Essex,Yorkshire,ASS Nijjar,RN ten Doeschate,AU Rashid,1,0,,,,,,,,,,,,,
804861,2015,2015-08-27,"County Ground, Chelmsford",2,41.2,41.2,Essex,Yorkshire,RN ten Doeschate,ASS Nijjar,AU Rashid,1,0,,,,,,,,,,,,,
804861,2015,2015-08-27,"County Ground, Chelmsford",2,41.3,41.3,Essex,Yorkshire,ASS Nijjar,RN ten Doeschate,AU Rashid,2,0,,,,,,,,,,,,,
804861,2015,2015-08-27,"County Ground, Chelmsford",2,41.4,41.4,Essex,Yorkshire,ASS Nijjar,RN ten Doeschate,AU Rashid,0,0,,,,,,,,,,,,,
804861,2015,2015-08-27,"County Ground, Chelmsford",2,41.5,41.5,Essex,Yorkshire,ASS Nijjar,RN ten Doeschate,AU Rashid,0,0,,,,,,,,,,,,,
804861,2015,2015-08-27,"County Ground, Chelmsford",2,41.6,41.6,Essex,Yorkshire,ASS Nijjar,RN ten Doeschate,AU Rashid,0,0,,,,,,,,,,,,,
804861,2015,2015-08-27,"County Ground, Chelmsford",2,42.1,42.1,Essex,Yorkshire,RN ten Doeschate,ASS Nijjar,WMH Rhodes,0,0,,,,,,,,,,,,,
804861,2015,2015-08-27,"County Ground, Chelmsford",2,42.2,42.2,Essex,Yorkshire,RN ten Doeschate,ASS Nijjar,WMH Rhodes,0,0,,,,,,,,,,,,,
804861,2015,2015-08-27,"County Ground, Chelmsford",2,42.3,42.3,Essex,Yorkshire,RN ten Doeschate,ASS Nijjar,WMH Rhodes,4,0,,,,,,,,,,,,,
804861,2015,2015-08-27,"County Ground, Chelmsford",2,42.4,42.4,Essex,Yorkshire,RN ten Doeschate,ASS Nijjar,WMH Rhodes,0,0,,,,,,,caught,RN ten Doeschate,,,TT Bresnan,,
804861,2015,2015-08-27,"County Ground, Chelmsford",2,42.5,42.5,Essex,Yorkshire,ASS Nijjar,DD Masters,WMH Rhodes,0,0,,,,,,,,,,,,,
804861,2015,2015-08-27,"County Ground, Chelmsford",2,42.6,42.6,Essex,Yorkshire,ASS Nijjar,DD Masters,WMH Rhodes,1,0,,,,,,,,,,,,,
804861,2015,2015-08-27,"County Ground, Chelmsford",2,43.1,43.1,Essex,Yorkshire,ASS Nijjar,DD Masters,AU Rashid,0,0,,,,,,,,,,,,,
804861,2015,2015-08-27,"County Ground, Chelmsford",2,43.2,43.2,Essex,Yorkshire,ASS Nijjar,DD Masters,AU Rashid,4,0,,,,,,,,,,,,,
804861,2015,2015-08-27,"County Ground, Chelmsford",2,43.3,43.3,Essex,Yorkshire,ASS Nijjar,DD Masters,AU Rashid,1,0,,,,,,,,,,,,,
804861,2015,2015-08-27,"County Ground, Chelmsford",2,43.4,43.4,Essex,Yorkshire,DD Masters,ASS Nijjar,AU Rashid,0,0,,,,,,,,,,,,,
804861,2015,2015-08-27,"County Ground, Chelmsford",2,43.5,43.5,Essex,Yorkshire,DD Masters,ASS Nijjar,AU Rashid,0,0,,,,,,,,,,,,,
804861,2015,2015-08-27,"County Ground, Chelmsford",2,43.6,43.6,Essex,Yorkshire,DD Masters,ASS Nijjar,AU Rashid,2,0,,,,,,,,,,,,,
804861,2015,2015-08-27,"County Ground, Chelmsford",2,44.1,44.1,Essex,Yorkshire,ASS Nijjar,DD Masters,SA Patterson,0,0,,,,,,,,,,,,,
804861,2015,2015-08-27,"County Ground, Chelmsford",2,44.2,44.2,Essex,Yorkshire,ASS Nijjar,DD Masters,SA Patterson,1,0,,,,,,,,,,,,,
804861,2015,2015-08-27,"County Ground, Chelmsford",2,44.3,44.3,Essex,Yorkshire,DD Masters,ASS Nijjar,SA Patterson,0,0,,,,,,,,,,,,,
804861,2015,2015-08-27,"County Ground, Chelmsford",2,44.4,44.4,Essex,Yorkshire,DD Masters,ASS Nijjar,SA Patterson,1,0,,,,,,,,,,,,,
804861,2015,2015-08-27,"County Ground, Chelmsford",2,44.5,44.5,Essex,Yorkshire,ASS Nijjar,DD Masters,SA Patterson,1,0,,,,,,,,,,,,,
804861,2015,2015-08-27,"County Ground, Chelmsford",2,44.6,44.6,Essex,Yorkshire,DD Masters,ASS Nijjar,SA Patterson,1,0,,,,,,,,,,,,,
804861,2015,2015-08-27,"County Ground, Chelmsford",2,45.1,45.1,Essex,Yorkshire,DD Masters,ASS Nijjar,TT Bresnan,0,0,,,,,,,,,,,,,
804861,2015,2015-08-27,"County Ground, Chelmsford",2,45.2,45.2,Essex,Yorkshire,DD Masters,ASS Nijjar,TT Bresnan,0,0,,,,,,,,,,,,,
804861,2015,2015-08-27,"County Ground, Chelmsford",2,45.3,45.3,Essex,Yorkshire,DD Masters,ASS Nijjar,TT Bresnan,1,0,,,,,,,,,,,,,
804861,2015,2015-08-27,"County Ground, Chelmsford",2,45.4,45.4,Essex,Yorkshire,ASS Nijjar,DD Masters,TT Bresnan,1,0,,,,,,,,,,,,,
804861,2015,2015-08-27,"County Ground, Chelmsford",2,45.5,45.5,Essex,Yorkshire,DD Masters,ASS Nijjar,TT Bresnan,0,0,,,,,,,,,,,,,
804861,2015,2015-08-27,"County Ground, Chelmsford",2,45.6,45.6,Essex,Yorkshire,DD Masters,ASS Nijjar,TT Bresnan,1,0,,,,,,,,,,,,,
804861,2015,2015-08-27,"County Ground, Chelmsford",2,46.1,46.1,Essex,Yorkshire,DD Masters,ASS Nijjar,SA Patterson,1,0,,,,,,,,,,,,,
804861,2015,2015-08-27,"County Ground, Chelmsford",2,46.2,46.2,Essex,Yorkshire,ASS Nijjar,DD Masters,SA Patterson,0,0,,,,,,,,,,,,,
804861,2015,2015-08-27,"County Ground, Chelmsford",2,46.3,46.3,Essex,Yorkshire,ASS Nijjar,DD Masters,SA Patterson,4,0,,,,,,,,,,,,,
804861,2015,2015-08-27,"County Ground, Chelmsford",2,46.4,46.4,Essex,Yorkshire,ASS Nijjar,DD Masters,SA Patterson,1,0,,,,,,,,,,,,,
804861,2015,2015-08-27,"County Ground, Chelmsford",2,46.5,46.5,Essex,Yorkshire,DD Masters,ASS Nijjar,SA Patterson,0,0,,,,,,,lbw,DD Masters,,,,,
804861,2015,2015-08-27,"County Ground, Chelmsford",2,46.6,46.6,Essex,Yorkshire,RJW Topley,ASS Nijjar,SA Patterson,0,0,,,,,,,,,,,,,
804861,2015,2015-08-27,"County Ground, Chelmsford",2,47.1,47.1,Essex,Yorkshire,ASS Nijjar,RJW Topley,TT Bresnan,0,0,,,,,,,lbw,ASS Nijjar,,,,,
804861,2015,2015-08-27,"County Ground, Chelmsford",2,47.2,47.2,Essex,Yorkshire,JA Porter,RJW Topley,TT Bresnan,4,0,,,,,,,,,,,,,
804861,2015,2015-08-27,"County Ground, Chelmsford",2,47.3,47.3,Essex,Yorkshire,JA Porter,RJW Topley,TT Bresnan,1,0,,,,,,,,,,,,,
804861,2015,2015-08-27,"County Ground, Chelmsford",2,47.4,47.4,Essex,Yorkshire,RJW Topley,JA Porter,TT Bresnan,0,0,,,,,,,,,,,,,
804861,2015,2015-08-27,"County Ground, Chelmsford",2,47.5,47.5,Essex,Yorkshire,RJW Topley,JA Porter,TT Bresnan,0,0,,,,,,,bowled,RJW Topley,,,,,
